0
0
-0.00013542575739025967
-0.00013351478754721445
-0.00013154541193715393
-0.0001296335076816828
0.00024603649691133395
0.0013881082102995199
0.003207490260574348
0.005688275230901949
0.008875440278720548
0.012502953290273719
0.01650625078256682
0.020807000262815185
0.02505390671369013
0.02941516616730801
0.033962634910565684
0.03850656551520657
0.043317725049950205
0.04815161667168695
0.05274921199244974
0.057446551417561637
0.06236319451513475
0.0671330558800109
0.07193961262748036
0.07674013217462426
0.08150523104401722
0.08631998082749656
0.09139743871361342
0.09632839037832729
0.10126202492421622
0.10634716176191789
0.11128409121068604
0.11629187657885005
0.12137443916142657
0.1260907467364746
0.1306335966307246
0.13538196616669296
0.14014458202288543
0.14506206398797686
0.150125299439745
0.15505442490348034
0.1650682621983189
0.1650682621983189
0.16983223765445854
0.1746509671884755
0.17961086538306284
0.18437664839207477
0.18919209140603369
0.1942699858271728
0.19920134928043873
0.20413523612195789
0.20922043890491773
0.21415727418480351
0.2190903797806262
0.22416554527205365
0.2290455168220895
0.23395675377800546
0.23904306467572328
0.24398038004195172
0.2489179455331063
0.2539966082953383
0.2589206995909474
0.26385825656199896
0.26894681758868255
0.2738870689805454
0.2788288483039069
0.28392199729951473
0.2888669095986196
0.29381336431263655
0.29891127735958956
0.3038604981945465
0.30880541552256585
0.3138996364561763
0.31884283823791465
0.3237765971076802
0.32881148852619635
0.333711770763939
0.33865203838249336
0.3437415226825562
0.34868267537343933
0.35362406846161604
0.35870898741363555
0.3636493006430575
0.36858949457724316
0.37368195635693563
0.3786257460938619
0.38357065257119094
0.3886666111354788
0.39361384630787455
0.39856221286901483
0.4036616049836766
0.40861148046579476
0.4135612380122373
0.4186603086290674
0.42849544566416065
0.42849544566416065
0.43351396761350586
0.43843729377043855
0.44337602972557166
0.448464484253496
0.45340334449383485
0.4583418096459244
0.46342307877762406
0.4683624112933863
0.47330072305449955
0.47838910453725597
0.4833284031517024
0.4882685252735459
0.4933592452899038
0.4983011309067534
0.5032439040685399
0.5083371746314503
0.5132806455461718
0.5182236632110223
0.5233152899784085
0.5282513200432973
0.5331466754939675
0.5381804464142211
0.5431110537382117
0.5480542608855774
0.5531486817539331
0.5580872645387083
0.56302748860552
0.5681106735784102
0.5730505830315803
0.5779896277063928
0.583078440404833
0.5880182807516008
0.5929589575390862
0.5980502532656751
0.6029927102673102
0.6079360289005066
0.6130296795117985
0.6179733444250464
0.6229164157598217
0.6280075609368673
0.632937122258215
0.6428691408190381
0.6428691408190381
0.647810724951379
0.6527547106439708
0.6578499339484216
0.6627958657019113
0.6677242838532981
0.6727980818644921
0.6777389095937316
0.6826785965449587
0.6877682186371787
0.6927088959279514
0.6976504190772624
0.7027425909994113
0.7126300091894456
0.7126300091894456
0.7177242560370701
0.7226683617519598
0.7276116946932386
0.7327020157537496
0.7376191634112254
0.742496789127735
0.7475674205280175
0.7525070983025229
0.7574465285441137
0.7625356877443805
0.7674752021723038
0.7724104887340305
0.7774975560232382
0.7824361127367149
0.7873753743683467
0.7924648273807523
0.7974053982174364
0.8023468211008394
0.8074388977917374
0.8123821123011304
0.8173260661528233
0.8224199225117057
0.8273635450399188
0.8323061697630852
0.8373938447008834
0.8422955457395703
0.8471775352873328
0.8522594247371093
0.8571985090159265
0.8621426490243473
0.8672383072781942
0.8721840051895339
0.8771238305725299
0.8822033397485721
0.8871427816202248
0.8920828137744492
0.8971731276303632
0.902114567845655
0.9070568582103026
0.912149834195821
0.9170939083694823
0.9220385635101093
0.9271329373648843
0.9320769385149733
0.9370195034576786
0.9421022448974983
0.9469883868548942
0.951884648989783
0.9569744476814884
0.9619142693734963
0.9668540381886376
0.9719435992978438
0.9768825579620641
0.981814848724718
0.9869053698667968
0.9918451200997318
0.9967849004688139
1.0018750717862048
1.006816381000247
1.0117585525475665
1.0168514157243944
1.021795346623153
1.0267396956148658
1.0318336171818174
1.0367770121978277
1.0417183388674585
1.0516697898516747
1.0516697898516747
1.0565816171485298
1.0616750357307445
1.0666196781333706
1.0715658895795486
1.0766623848670491
1.0815929932760795
1.0865184960622782
1.091609884274046
1.0965502690612239
1.1014908252861304
1.1065818617346834
1.1115240183222936
1.1164670418979448
1.1215607737883144
1.1265054888618347
1.131450377169871
1.1365447162295188
1.1414883056572567
1.1464282972410058
1.1514857622171442
1.1563663694212893
1.1612965177473442
1.1663860776705273
1.1713261302509819
1.176266254851198
1.1813561547245006
1.1862924548187213
1.1912300637005864
1.1963191987440756
1.2012591063674654
1.2061995128088572
1.211290456198679
1.2162325282260598
1.2211754760183329
1.226269135778212
1.231213661205555
1.236158159264253
1.2412519936043211
1.246194797471126
1.2511312289788814
1.2561731623368968
1.2610620508941912
1.265995755099126
1.2710900903476416
1.2809830516880938
1.2809830516880938
1.2860772914197685
1.291015290981239
1.2959570515854382
1.3010470362884774
1.3109287973614312
1.3109287973614312
1.316020527049893
1.3259071015915138
1.3259071015915138
1.3310015434414408
1.33594662466652
1.3408915035158182
1.345985567358961
1.350927979389817
1.3558569816595367
1.3608860389547817
1.3657931722735128
1.370734854615588
1.3758290794047616
1.3807756520224232
1.385722907035503
1.3908157845425007
1.3957579466117613
1.4006979967648887
1.4057882358597478
1.4107292533721747
1.4156708964753126
1.4207631554086328
1.4257065204031474
1.430650775087559
1.4357457023609226
1.4406910273746136
1.4456360237883652
1.4507300086661932
1.4556711635332427
1.4605867936779717
1.4656134561688494
1.470539296342137
1.475479678719266
1.4805699115171354
1.4855105436253833
1.4904513227010692
1.4955400384584459
1.500487361721378
1.5054326964602067
1.5154637603848202
1.5154637603848202
1.5204057599300735
1.5254983933198731
1.5304421325311892
1.5353867685853861
1.5404819756495056
1.5454273487780605
1.55037227860168
1.5554659073267014
1.5604042591809835
1.5653033817999402
1.5703372881557012
1.5752736987368343
1.5802143653278193
1.585304739441289
1.5902513961921032
1.595198830516442
1.6002930476770323
1.605217485861175
1.6101599910088606
1.6152510231732908
1.6201927786128671
1.6251353071729615
1.6302284949900712
1.6351727714553206
1.640117916474403
1.6452134945243042
1.6501590591611426
1.6551040533622299
1.660197268909091
1.6651299932224526
1.6700150780205765
1.6750646492268617
1.6800065401754969
1.6800065401754969
1.6900384205471408
1.6949796318074142
1.69992079468647
1.7050062475751895
1.7099469796930062
1.7148872511972668
1.7199781004399923
1.7249197329077401
1.7298621749203236
1.7349552834103843
1.7398994889096542
1.7448445392171497
1.7499398168048865
1.759829383267587
1.759829383267587
1.7649212152657359
1.7698436757421236
1.7747223303628819
1.7797887607582543
1.7847339874694708
1.7896799493974545
1.794777486120476
1.7997255270498536
1.8097643466889086
1.8097643466889086
1.8147050049743005
1.8196462410463656
1.8296801087543217
1.8296801087543217
1.8346233019786848
1.8397171960882295
1.8446621698058667
1.849607910601209
1.8547036361054106
1.8596490880337562
1.864593571011122
1.869683478056403
1.8745890757812502
1.879471511215354
1.884554498388672
1.8894992856843622
1.8944461232541099
1.8995375822014005
1.904479442017355
1.9094202845906683
1.9145051941485285
1.9194480559890745
1.9243898418685503
1.9294815350416
1.9344241944134537
1.9393676896959682
1.9444619003024342
1.949407169771028
1.954353075159183
1.9594487760975858
1.9643940833619926
1.969338069747666
1.974423577409262
1.979313783848686
1.984207800326004
1.9892985127869591
1.9942438591026888
1.9991912235718885
2.004289614856318
2.009232282547485
2.0141674361037927
2.019251771005166
2.024194357002152
2.029136293528248
2.034228492410533
2.039171692906663
2.044115738571434
2.0492105198603743
2.0541563180871134
2.059102555876709
2.0641984415909485
2.0691437857855566
2.0740871216905874
2.084044061304863
2.084044061304863
2.0889563411197756
2.0940516982315054
2.0989985511748106
2.103940515155272
2.1090327079644218
2.11397497692219
2.1189131590122847
2.1240038365944307
2.1289452601385617
2.133887488144256
2.138979993141559
2.143923534104533
2.148867932680734
2.153963078651185
2.1638554970723614
2.1638554970723614
2.1689513324180774
2.173896408066754
2.178838175316073
2.1838998457800294
2.1887803151095238
2.193708952518288
2.1988046394509104
2.203751877705498
2.208700711715602
2.2137929879270635
2.218735567712183
2.223671227667707
2.228764066710756
2.23370632198416
2.2386489743714293
2.2437419995186523
2.2486860651147853
2.253630998235674
2.258726690072075
2.2636732154176755
2.2686197237685373
2.273715639471614
2.2786604743866574
2.283599075396331
2.2886436904199785
2.2935341072176865
2.2984694073180467
2.3035660096077986
2.308514289735331
2.313457166854917
2.3185499659145345
2.3234921599223144
2.3284283387032896
2.3335220710824722
2.3384650276326875
2.3434080568835034
2.348501591121348
2.353446162164378
2.3583916068799295
2.3634878133968753
2.3684346482699667
2.373381298952599
2.3784772080273706
2.3834214698401395
2.388353123646309
2.393384925183509
2.398291786748262
2.4032367343524825
2.4083341211478615
2.4132831956253686
2.4182329591737584
2.423326180987671
2.42826721112707
2.4332031996138697
2.4382976635034552
2.4432409936895105
2.4481846672875465
2.4532789230979115
2.4631703602774695
2.4631703602774695
2.468267255476324
2.4732145186798373
2.478161465039496
2.483257472063293
2.488200636845167
2.4931189162823957
2.4981476632469852
2.5030747226825105
2.508017255834113
2.5131098496488495
2.518058764080418
2.5230085676434815
2.5281035748665652
2.5330359683296053
2.5379761652086223
2.543068851497813
2.5480123029246635
2.5529562616375907
2.5580508612077195
2.5629964892614527
2.567942984861234
2.5730401480619753
2.5779874430065024
2.5829343127990385
2.5880299618667313
2.5929704603554073
2.5978724058251625
2.6029081851523337
2.6078468107267
2.612789647925504
2.6178877111816
2.6228375766706242
2.627787752569403
2.632885483442908
2.6378278059423828
2.6427726950102812
2.6478661521206894
2.652810064057638
2.657754515573553
2.6628496558140236
2.6677958210832293
2.6727428549937406
2.677840394553041
2.682787863336549
2.6877347633988786
2.692829943285047
2.697764635236385
2.7026518732285094
2.707702869186729
2.7126467581312603
2.717594900208471
2.7226946620001278
2.7276452984999704
2.7325893455938783
2.7376843229585033
2.742622886179443
2.7526621381646152
2.7526621381646152
2.757606571382261
2.762551642193375
2.767647445307762
2.772594246610047
2.777541879276634
2.7826398068645743
2.7875875065177036
2.7925344603008977
2.797628695196453
2.802551646159386
2.807432491365552
2.8125037896601337
2.817451488863883
2.822400356332057
2.82750099999817
2.832445683697524
2.83739038846533
2.842483690239624
2.8474223906253777
2.852367958254452
2.857462425409814
2.862407252983183
2.867352795817924
2.872449088141589
2.8773963685890087
2.8823444176376256
2.8874425198109877
2.892390274260329
2.897337035547376
2.902429007597009
2.907335369595063
2.9122209426433816
2.917306879710527
2.9222541350867224
2.927203676011084
2.932304765692161
2.9372497679127827
2.9421947402973867
2.947287293799407
2.9522288831224377
2.957173744831388
2.9622683368094735
2.9672135931843675
2.9721596125248704
2.9772564080240422
2.9822041675631805
2.9871525589417636
2.992250803576645
2.997198564408823
3.002144926711028
3.0072319880309157
3.012122687036051
3.017021428161837
3.02211348392617
3.0270624099417662
3.032012982489257
3.037114612725698
3.042060040833741
3.047005261735488
3.052096452289875
3.057040635307235
3.061985191995115
3.067080375272156
3.0720262088104078
3.0769728478934897
3.0820702907736854
3.087018652756885
3.091967434046096
3.0970659151707314
3.1020137341109115
3.1069593544460625
3.1120358957784204
3.1169180008706676
3.12183671486176
3.1269351652353894
3.13188478498011
3.136836242819711
3.14193835267243
3.146890723658401
3.1518405270437655
3.156939935572943
3.161885412188839
3.166831124220294
3.1719270023066652
3.176873587750269
3.1818210081047256
3.1869192508668114
3.1918683412303532
3.1968175733714155
3.201916381502938
3.2068642565572287
3.2118080920998096
3.2168671016139325
3.22175266323322
3.226688939297426
3.23178708629974
3.236737671934349
3.241689881969046
3.2467859218988857
3.2517321774844716
3.2566778444307274
3.2617677182177345
3.2667147949275916
3.2716609943427866
3.2767571830192406
3.281704166164626
3.286651993886603
3.291750649299689
3.296700004772122
3.301649307400777
3.306754479094146
3.311708503776681
3.31664730852046
3.3216771186140632
3.3265691083996893
3.3315131107745746
3.336612209809743
3.3415638307536257
3.346516603476856
3.3516198461870306
3.3565664738301644
3.361512277096472
3.3666027370524234
3.3715505438920648
3.3764973385981443
3.3815943082321356
3.3865421058195864
3.391490757108335
3.39659022897704
3.4015401614404537
3.40648986201426
3.4115888394016314
3.4165356765386927
3.4214654503054174
3.4264975087307894
3.4313972792107625
3.4363482171644684
3.446401865599687
3.45135531083991
3.45135531083991
3.456452653964532
3.461399950117053
3.4663451809253476
3.4813336190020165
3.4813336190020165
3.4813336190020165
3.4864311791985747
3.4913796004065714
3.496328876080079
3.5014289342042453
3.5063791770827013
3.511329056802582
3.516433945021039
3.521386095819487
3.526074205449439
3.5308296075072727
3.535709920229743
3.5406578878246524
3.545755159938591
3.55070314011972
3.555651509960553
3.560750083155045
3.565698891304299
3.570645814560621
3.5757406987700007
3.5806894270771368
3.5856378576102768
3.5907367079787202
3.5956863675001327
3.600636874826191
3.6057381652514464
3.6106895232014655
3.6156404748165007
3.6207403655027517
3.6256852705012226
3.6305929165158215
3.6356319081432606
3.6405738715636984
3.645520801702962
3.650618139614483
3.655566124084042
3.6605144541503547
3.6656129343441317
3.6705615589302756
3.6755065720775835
3.680603847875928
3.685551585983102
3.685551585983102
3.69050001938175
3.7005486791555597
3.705499283712171
3.7106005505669835
3.715551714487472
3.7205023535234747
3.7256015337074877
3.730541746450687
3.7354356760167797
3.7354356760167797
3.745432692863357
3.7503844672839954
3.755488168067654
3.7604428900230094
3.76539800935663
3.7704967505781513
3.7754454978649172
3.7803886837350467
3.7854876023162487
3.7904415495358275
3.7953968081525935
3.800503094880387
3.8053187739276
3.8101078152542627
3.815048069642157
3.819995692294612
3.824949605916801
3.829947996564169
3.834745060390649
3.8393360048396286
3.844101111159818
3.8488939949098615
3.8536090597913915
3.858441595227208
3.863226216206503
3.8680087410364172
3.873089452880189
3.8782501299161196
3.883344770078877
3.8884593695182694
3.8934069203099186
3.8983566488557737
3.9033008347753504
3.9080855271468242
3.9128682701686444
3.917792830708119
3.9225686726421194
3.927281852729025
3.932224873716204
3.936990112519642
3.9417493735227636
3.9466255497946046
3.951303191096531
3.955882197054504
3.960593761494062
3.9652892746185415
3.969898036478955
3.974595279478948
3.9792808510378896
3.984148868980499
3.9891667934084993
3.9940442537530627
3.9989289581268896
4.003972742271123
4.00875601983392
4.012983270944612
4.016357168231629
4.018694025203675
4.020459774387729
4.0219443922110045
4.023329230805256
4.024716250702755
4.026163699459545
4.027570326540603
4.028969737734935
4.030387902482624
4.03183094579335
4.033251803954487
4.034672988434336
4.036043419018075
4.037525822710967
4.039010758224596
4.040351026428519
4.041710424327931
4.043273081273991
4.044995295415312
4.046500831443939
4.048007448599952
4.0496462764718375
4.051258764019689
4.052725261026453
4.053885944159628
4.055100011172897
4.056479574437048
4.057745392643661
4.058858883409288
4.060010765309531
4.06118308604131
4.062286445481551
4.063403091072978
4.064520002306261
4.065619855243252
4.066818421022836
4.068072861799246
4.069217673539205
4.070080150705431
4.070966690636862
4.07184008948496
4.072582476309703
4.073411716228956
4.074479746347702
4.07579257126176
4.077174020379996
4.078318713132565
4.07943248335638
4.080469306590764
4.081555971047365
4.082964808659105
4.084113804370335
4.086668081040284
4.086668081040284
4.088040249360799
4.089404916305079
4.090605953763861
4.0918358729954845
4.093195292241043
4.094596767964691
4.095774221999211
4.096862745871567
4.098089139410328
4.099348265990173
4.1005421409782485
4.101836437821559
4.103203029025499
4.104571232393363
4.105982128627745
4.1073444388818325
4.108707728058811
4.110028220588933
4.111290627913045
4.112646782741357
4.114044450731037
4.115401692880095
4.11673492406219
4.117992561638319
4.119188257544188
4.120339053376779
4.121674106913094
4.12303869130228
4.124403812904911
4.125859010513554
4.127204833096663
4.128310826632833
4.129473016097296
4.130597442172791
4.13175553718335
4.133134127802902
4.134419021168008
4.135718746524575
4.1371608387978585
4.138424051402693
4.1394801130742875
4.140361112310311
4.141192887697239
4.142002530382876
4.142782607604759
4.14364716660254
4.14475039078491
4.145807247868789
4.146819342056653
4.147850212794891
4.148720058284574
4.149645644063352
4.150639177727825
4.151639095713834
4.1526879636701794
4.153781191710101
4.155121558303375
4.156497867628166
4.157763529658234
4.1590010582159564
4.160347025842322
4.161557059075184
4.1627381172387405
4.164082281319939
4.1654498339334625
4.166625588888615
4.167739160677437
4.169090878694726
4.170491771944631
4.171582901980425
4.172659611517697
4.1740117157169765
4.1753220488059055
4.17662076006885
4.177645619348751
4.178345783558835
4.179262491182788
4.180218574415519
4.181011380822565
4.181878066705425
4.182885621255256
4.184055273875916
4.185152987391374
4.186360283703137
4.187720159183606
4.189080943345975
4.190299656045025
4.19140840286209
4.192599169641946
4.193891458379584
4.195086398529692
4.196307043143648
4.197714551988226
4.199083224114412
4.20035672707622
4.201630167366535
4.202992058957343
4.204355120323126
4.205760443787378
4.207086619344064
4.208368737504393
4.209746020623846
4.210963080392258
4.212157300546704
4.21333969532953
4.21333969532953
4.215705978294141
4.217039676961008
4.218450682221631
4.219824783088805
4.221228381214147
4.222599140340438
4.224052419151844
4.225505099773578
4.2268640906700465
4.228227484014919
4.2297582546322765
4.231370233802674
4.232877180725473
4.234320132982437
4.235621499506341
4.236839040373023
4.23806051841746
4.2391201948601775
4.240169780993356
4.241429440704601
4.242650482920884
4.243742810309368
4.244833419422926
4.245867541167779
4.246726433387165
4.247455092997924
4.248157289461388
4.248948713639871
4.249894681306022
4.250975166882416
4.252249918136512
4.253538302058554
4.2547179199576775
4.256058277318187
4.257290249863252
4.258409052084759
4.259429954614518
4.260516413892516
4.263216154866286
4.263216154866286
4.264624578331857
4.2659603110353626
4.267015710622688
4.2681189171750225
4.269411535138035
4.270421683545108
4.271130457927314
4.2718267805608185
4.272573522541238
4.2734261654537375
4.275435698695134
4.275435698695134
4.276392681154935
4.2774807263568615
4.278753856847775
4.279995411562403
4.281273336464654
4.28264262001021
4.284056384552615
4.285266438037362
4.286458277936463
4.2878663009762095
4.289234246762099
4.290476442995221
4.291752456846796
4.293114129763138
4.2944765694533364
4.295881246259829
4.297168764659123
4.298425348868073
4.299822774697886
4.301179440638501
4.3025367746661765
4.303912974680015
4.305131894627921
4.306327698827391
4.3075586773307375
4.3087026850960335
4.309873417394852
4.3111117973982
4.312239014715853
4.313445119960695
4.314858531775951
4.316294082715396
4.317691714377063
4.319097440580664
4.320467987524451
4.321936482428176
4.3233971143358385
4.324751395413723
4.326111358097338
4.327654961790941
4.329332406348941
4.330962254352188
4.332586027556586
4.333970648195679
4.3369111118761134
4.3369111118761134
4.338457905762979
4.339861416314391
4.341254921140444
4.342701224950274
4.344040642484034
4.345362327779236
4.346607290827159
4.347782640437277
4.348928158489895
4.3499977143166895
4.351055286607316
4.3521878097654865
4.3533565812882005
4.354626325959094
4.356076123247592
4.357550915612875
4.358983810632868
4.360390072219022
4.3615042835406905
4.362533457090661
4.363489122695828
4.364468206013114
4.365751753521954
4.366846299300369
4.367884113647884
4.369230951070519
4.370637795202675
4.371753486071955
4.37286197822547
4.374262377850999
4.375622431481459
4.376754249704219
4.377950225600138
4.379303023420486
4.380656092078236
4.382050778349237
4.383211214881374
4.38429345329749
4.385521349323352
4.3867897261041495
4.387982531338196
4.3892507460084
4.390611249485923
4.391972988133684
4.393249931983095
4.394431265414131
4.395622895260202
4.3968493508851845
4.398060467269049
4.3994113754394775
4.40074829528131
4.401999521584992
4.403298368880123
4.404531194134329
4.40571972373077
4.406895741880947
4.408242010261472
4.409622553098278
4.411001895255147
4.412391235163054
4.413759520442222
4.41513658497626
4.416596089192457
4.417977642082764
4.419346670007103
4.420759581059371
4.422207567940937
4.4236120663726
4.425014970753552
4.42637915714847
4.427854076081741
4.429315715069364
4.430633651487052
4.431955189057484
4.43328423628875
4.434691034479281
4.436321723493994
4.438001758888873
4.439461898492454
4.440675507647338
4.4419650043116725
4.44332636938279
4.444633069036277
4.445837183651998
4.446946094067659
4.448051948897012
4.449133173574481
4.450095129042538
4.450941269115347
4.4518426100999875
4.452778164990775
4.45365272609014
4.454414070705952
4.455197232195707
4.4561419142662135
4.457300730114496
4.458612016241057
4.459734793763675
4.460817083523192
4.462144923324158
4.463295413780854
4.464392567542934
4.465734635696401
4.467099790397507
4.468269453967517
4.469383515107893
4.470739559298436
4.472140097435058
4.473286602341222
4.474436620251672
4.475829528337546
4.4771818918203365
4.478534883059761
4.479737583270384
4.480857806172159
4.482048988945365
4.4833463528363175
4.484704940408182
4.486065999500408
4.487321915219442
4.488498455709482
4.489689351681223
4.490960849212438
4.492194653296693
4.493459190682062
4.494866260977144
4.496234856726903
4.497522135402143
4.498751750050893
4.499942344918546
4.501131492958053
4.502354993585468
4.5035407145060065
4.504738844832323
4.506003216454294
4.507241597817366
4.508602376359917
4.511388163425711
4.511388163425711
4.5126324408649765
4.513850122168114
4.515089814792828
4.517489204457234
4.517489204457234
4.518718782688061
4.520097932532634
4.521545841713064
4.522910806407186
4.524286498556363
4.5257089781949045
4.527145837639751
4.528534573946827
4.5299157463857735
4.531374261063943
4.532778595570563
4.5340921193765755
4.535335777326082
4.53795109151626
4.53795109151626
4.539082651345377
4.540227760466022
4.541452429586252
4.542670299597824
4.543868522918936
4.545068008438734
4.546258899453399
4.547445908565838
4.5486658265291435
4.5498356541972145
4.550958375714204
4.552135546230457
4.553240083719735
4.5543671672902795
4.555439340981872
4.55635447867984
4.557299614198176
4.558329447482125
4.559469234786279
4.560832105169925
4.562255199985452
4.5636299911802976
4.564816442801275
4.566004536194186
4.567125383137618
4.568051610633223
4.569124655501597
4.570299254889147
4.5714770782559695
4.572731171032975
4.5738729932065
4.575032747066514
4.576275043061488
4.577608196990577
4.578986576084198
4.580409981302799
4.581669307406965
4.582968345634255
4.584390624373697
4.586958041647077
4.586958041647077
4.588377341616538
4.5896518581325445
4.590849401602446
4.592117436223286
4.593341029434047
4.594525627144909
4.595786470056166
4.597016980574777
4.598233263802636
4.599620563129194
4.600933903069337
4.602205647289902
4.603557294116393
4.60476998282491
4.6059537481051525
4.60719467459542
4.608455683598029
4.609636092401265
4.610872099574678
4.61218420089092
4.613568259928258
4.6149973273545895
4.61638378815254
4.61770871123352
4.619131436293034
4.620518366315925
4.621900111743353
4.62337894131581
4.624734433598366
4.6260911993176395
4.627610062906409
4.628992260361168
4.630232105544323
4.63137070225521
4.632302233730691
4.633236789657721
4.634371523733701
4.635580742180838
4.63683670446441
4.6380990461557765
4.63924859579016
4.640271106365535
4.641211789887091
4.642037067665586
4.642810381610879
4.643602290439915
4.644480733741476
4.645507111253834
4.646755756567801
4.648130490398344
4.649511390287577
4.650921341768172
4.652089799145949
4.653186211606751
4.654195472007464
4.65518404139868
4.656447377270833
4.657793182093128
4.659082289550299
4.660122369955276
4.660858807915101
4.6617970263044155
4.662744794875824
4.663659706254496
4.6646552311747165
4.665819398405904
4.666931932789734
4.66799922436832
4.669239221394644
4.670403642691483
4.671549694663758
4.6727896412679115
4.673978326753995
4.675164546270358
4.6765221832087285
4.677943467267414
4.6791970393201945
4.680487559309614
4.681906188389318
4.683171572320326
4.684467544356553
4.685881910603155
4.687256162060009
4.688544643832547
4.689783069257565
4.690999948844016
4.692249832516934
4.693474166632548
4.694679750981377
4.6959380930751236
4.6971811129367085
4.698525787875742
4.699868829299012
4.701154777738299
4.702531848386152
4.703914170744266
4.70533307886189
4.70672937714483
4.708057585247756
4.709237989299026
4.710445909131233
4.711618109661894
4.712808730232379
4.71411249101102
4.715364449688592
4.716645205182049
4.718008556474543
4.719483781866464
4.720939870916757
4.722232552916244
4.723521991357824
4.724978302991131
4.7263339771142245
4.727496728733943
4.728684966443165
4.729859195065898
4.731105585415785
4.7324773931440145
4.7337122426968605
4.734818084639977
4.735969894324787
4.73714691096457
4.738253916310379
4.739358561574011
4.740478013855442
4.741572114692171
4.742622081709714
4.743694618529925
4.74473356881073
4.745877534971771
4.747189421127689
4.748706497851002
