0
0
2.3571799621907688e-06
2.3854398293843086e-06
2.4144137754234714e-06
2.442522356811197e-06
3.976684047343402e-06
8.221841663444953e-06
1.5726506300316994e-05
2.8635669625232538e-05
5.37323584885329e-05
0.0001039037762750743
0.00019936846498997456
0.00035772688024830507
0.0005767178263899372
0.0008620543819745953
0.0012130430301412543
0.001589103213626104
0.00199838384815863
0.002413015004495703
0.002830130866358607
0.003285103881197229
0.003799321228929917
0.004337177351261928
0.004908331079129706
0.005478188303972349
0.006075255336565983
0.006706588851477319
0.0073612367633205025
0.007980424395517325
0.008583662882068648
0.009188395660797068
0.009759042890039175
0.010329973771775088
0.01093243196738905
0.01152107612869137
0.012100916977253363
0.01271150432508256
0.013323123535538812
0.013942761851941963
0.014563089781719536
0.015150116245371803
0.016293322414532598
0.016293322414532598
0.016823701719039092
0.017383463530752766
0.017965434306509022
0.018560185988983346
0.019189280945967932
0.019842027334114207
0.020459355011572842
0.02106070468164854
0.02166347326631642
0.022232204018385365
0.0227860436826517
0.023344100157282405
0.023870506905258396
0.024390892462245562
0.024917859308860726
0.025417400444268903
0.02590556157410141
0.026394526089350577
0.026857050312578762
0.027312585093855715
0.027773603950519074
0.028212980226583625
0.028644382463368707
0.029080498025493368
0.02949565319619333
0.02990277426044056
0.030313811177945814
0.0307045430750458
0.031088482806102668
0.03147972525697705
0.031855194517024114
0.032226409027773135
0.03260315671438726
0.03296906784246079
0.03333489832583304
0.03370792346568905
0.034066390472400294
0.0344214091531579
0.03478244406663048
0.03512860200326997
0.035470589140134054
0.03581886985762373
0.036152856322905054
0.03648281642438928
0.03681854542980692
0.0371402753669831
0.03745792298536864
0.03778090924513794
0.03809017970765547
0.03839530003502305
0.03870532191006489
0.039300361864304155
0.039300361864304155
0.03960826840292553
0.039913270602853414
0.04021955345512758
0.04053541258474988
0.04084232310978703
0.04114979875112067
0.0414657382682317
0.041772573218379884
0.04207934819701549
0.042395366162259
0.042702026791324905
0.04300862046772364
0.04332442597120217
0.043630853283105404
0.0439371843919429
0.044252667063130406
0.04455869660996453
0.04486457731262149
0.04517953624245141
0.045485107965735086
0.04578978410512381
0.046106268031632536
0.046416692676548126
0.04672428278496039
0.04703750093818267
0.04733911852269894
0.047641476853385586
0.04795217215029737
0.04825408758682669
0.048555918828424686
0.04886681252281839
0.04916850359693512
0.04947012509494054
0.0497808000658797
0.05008224489773089
0.05038358550508835
0.05069390685198317
0.05099492790026456
0.05129580409881762
0.05160557376920548
0.05190607782677642
0.05251913133064381
0.05251913133064381
0.05282507426903263
0.05312756286444228
0.05343553449283858
0.05373075934950368
0.05402285918227366
0.054322352316280256
0.05461355127407341
0.05490463715953242
0.055204455745949337
0.05549538623028879
0.055786237309913285
0.056085806274005
0.05666700165171165
0.05666700165171165
0.056966176852207465
0.0572563893990224
0.05754644812769587
0.05784511130475541
0.058134740192972635
0.05842449322879991
0.05872857043397893
0.059025178826029825
0.05932205551037858
0.05962818633286377
0.0599259582570319
0.06022337949836703
0.06052944241015755
0.060826606976316776
0.0611237176410316
0.061429763783321704
0.061726738542692165
0.06202363425796778
0.06232942947823323
0.06262613015959508
0.06292270659153962
0.06322809005189337
0.06352433493977813
0.06382040653773202
0.06412528996133599
0.06442052914920032
0.06471748276849061
0.0650287270073734
0.06533148437094038
0.06563313657689551
0.06594021304356759
0.06623480496541387
0.06652468642308612
0.06681957795989815
0.06710615305924147
0.06739265400518678
0.06768776384079064
0.06797411529836886
0.06826037614807844
0.06855520714387725
0.06884125832612063
0.06912716591621021
0.06942155534268013
0.06970713555351099
0.06999250871368198
0.07028647457630481
0.07057100857894996
0.07085926759227831
0.07116009766601884
0.07145232610177105
0.07174482385088547
0.07204659803235135
0.07233995162261775
0.07263233514559739
0.0729339545501376
0.07322661341241596
0.07351917941854114
0.07382053961519223
0.07411295777755908
0.07440528527235507
0.07470636692261823
0.07499847981570934
0.07529043371945243
0.0755910496175944
0.07588266584137765
0.07617405582230515
0.07676496486012806
0.07676496486012806
0.07706085452258887
0.07736646656290506
0.07765942329527384
0.07794887756982696
0.07824324420662525
0.07852594232758471
0.07880731099039893
0.07909766968157957
0.07937937392527565
0.07966098393987665
0.079951048533909
0.0802324939487724
0.08051384014989685
0.08080359784464135
0.08108470837843217
0.08136564265441325
0.08165492025490798
0.08193552281953786
0.08221602416338283
0.08250455603214511
0.08278571606718266
0.08307208554095573
0.0833679659560139
0.08365544053558759
0.08394314114974114
0.08424023491090109
0.08452829511577806
0.08481592190050888
0.08511241358939299
0.08540010605264009
0.08568772710408645
0.0859839847544303
0.08627144078633155
0.08655879636973089
0.08685474860253894
0.08714185799687298
0.08742879021080138
0.08772425826096569
0.08801084496540043
0.08829734588932939
0.08859170814128493
0.08888028840126169
0.08917172611501331
0.08946882081330283
0.0900347652216583
0.0900347652216583
0.09032242128791458
0.09060141946360832
0.0908806391336114
0.09116823737731364
0.09172630046284633
0.09172630046284633
0.09201366536061306
0.09257119475114149
0.09257119475114149
0.09285823348132755
0.0931366714317642
0.09341493429715363
0.09370146992686978
0.09397935802949381
0.09425708896485606
0.09454279890847425
0.094824762133058
0.09510936645334406
0.0954012634140823
0.09568106902314644
0.09595720388057107
0.09623964310464267
0.09651380752497986
0.09678783590428192
0.09707015843249098
0.09734410606443003
0.09761797507681076
0.09790005291732307
0.09817373134015836
0.09844730137779473
0.09872903087220487
0.09900229954665171
0.09927540155723696
0.09955660895047494
0.0998292963321074
0.10010178135398835
0.1003831269096259
0.10066150048477573
0.10094097984013913
0.10122923215455029
0.10150926650103391
0.10178976970857408
0.10207902545689632
0.10235823485288197
0.10263312776929914
0.10318585021702358
0.10318585021702358
0.1034580120890523
0.1037383243701641
0.10401028685035028
0.10428213968051245
0.10456208682140421
0.10483361661149038
0.1051049868810829
0.10538438695625242
0.10565532883192663
0.1059258016591553
0.1062068548704377
0.10648431978310526
0.10676223875991632
0.10704887467804378
0.10732595035433438
0.1075996404738279
0.10787730303288784
0.10814239202991861
0.10840806445517126
0.10868162433436393
0.10894704545467825
0.1092123784117757
0.10948564695034013
0.10975076329017878
0.11001576001163997
0.11028862538710489
0.11055328493065314
0.11081779591163583
0.11109010699968816
0.11135443649020753
0.11161812830650278
0.11189403868471565
0.11216499741489297
0.11216499741489297
0.11271586019124337
0.11298757667958208
0.11325992333541725
0.1135399518824036
0.11381161008882923
0.1140832491128824
0.11436305932254813
0.11463455163193724
0.11490595301450535
0.1151854709599019
0.11545665273492377
0.11572771329088984
0.11600681224077405
0.1165480859400945
0.1165480859400945
0.11682660244241712
0.11709683286730037
0.1173670245167446
0.11765065923435829
0.1179262124833676
0.1181981296746397
0.11847463278814867
0.11873918656220457
0.1192724940499876
0.1192724940499876
0.11953514459027777
0.11979779294113425
0.1203307980114927
0.1203307980114927
0.12059318372880315
0.12086340604817762
0.12112556325150325
0.12138758465410597
0.12165735625943698
0.12191902751763042
0.12218052352935757
0.1224497262876679
0.12271069501436567
0.12297322016305492
0.12324880937965886
0.12351541157205027
0.12377846105839037
0.12404724572239496
0.12430839562305
0.12457007992445088
0.12483873576110538
0.1250998416095574
0.12536082477129593
0.12562960292716477
0.12589038588522508
0.12615106659106617
0.1264195267001717
0.12667996827687364
0.12694025930460417
0.12720824661831223
0.127468195127752
0.12772794718964942
0.12799553111578726
0.12825465918283965
0.1285171285141225
0.12879145527960226
0.1290564777345134
0.1293179723577034
0.12958360390800733
0.1298391838208513
0.13009455136786047
0.13035672134809026
0.1306114981055122
0.13086613384829202
0.13112838460776086
0.1313828253844707
0.1316371564594167
0.13189906796820397
0.13215314616297902
0.13240705655549553
0.13266847616688535
0.13292204811255867
0.13317539741191547
0.1336896393045959
0.1336896393045959
0.13394754967303846
0.1342138572198279
0.13446866753157588
0.1347213781497692
0.13498203724066832
0.13523546438421405
0.1354886880407673
0.13574929476044512
0.13600226573941682
0.13625515880714104
0.13651561477357096
0.13676831034984324
0.13702089155536828
0.13728099712593225
0.1377854540417168
0.1377854540417168
0.13804505546599116
0.13829685088425359
0.13854843728368169
0.13880750168645511
0.13905994005004468
0.13931738675246108
0.13958197584995133
0.13983513384389637
0.14008477909355485
0.14033953167598986
0.14058736329194765
0.1408345276302843
0.14108923891030575
0.1413363906608285
0.14158345363581687
0.14183790004444238
0.14208475551028588
0.14233149053917787
0.14258556831373767
0.14283202244740506
0.14307828902334746
0.14333185192352602
0.1435777671652287
0.1438236378803548
0.14407647409533228
0.1443247349421675
0.14457549984276463
0.1448306080313056
0.14507464679711826
0.145316481446641
0.14556586110394426
0.14580846134326844
0.14605021343632293
0.146299575667854
0.14654149716326018
0.14678330044132018
0.14703232777359107
0.1472739150258016
0.1475153766477633
0.14776401743345194
0.14800517532525115
0.1482461503380609
0.14849426473807553
0.14873486896210544
0.14897548713352185
0.14922320909977854
0.1494679160538896
0.1497136664485094
0.14996313203128578
0.1502017152757014
0.15043660535823583
0.15067612959719434
0.15090881747415952
0.15114060106506463
0.1513797424096933
0.15161169392850352
0.1518435298023866
0.15208228028303172
0.15254535560981275
0.15254535560981275
0.15278369384213894
0.15301483542876812
0.15324580374730395
0.15348359905426565
0.15371419659397956
0.15394482749993846
0.1541832539511692
0.15441954046895365
0.154656835841809
0.15490162310124928
0.15513811081057954
0.15537085799414102
0.15560871512254168
0.1558388118207824
0.15606837341965132
0.15630502046638695
0.15653459667078792
0.15676406778721327
0.1570003760930439
0.1572296047768467
0.1574586962571302
0.15769457312200777
0.15792331774843324
0.1581518994377257
0.15838722040155276
0.1586155783529674
0.15884365489324848
0.15908104043088497
0.15931569882210317
0.15955072972576118
0.15979162893853144
0.16002181477867625
0.16024818992859535
0.16047959852280286
0.16070392071676268
0.16092841130940216
0.16115962785315896
0.16138393735437148
0.16160814114365848
0.16183901526095387
0.16206296565759634
0.16228677957927354
0.16251719970879447
0.16274065251948255
0.16296394730123082
0.16319379337631737
0.1634168472140109
0.16363977205130906
0.16387350579799354
0.1641016820471368
0.1643263478516499
0.1645541602975335
0.16477156065041884
0.16498657694472774
0.16520874467689559
0.16542370033421167
0.16586035827891496
0.16586035827891496
0.16607525814508556
0.1662900460474611
0.1665112064537981
0.16672571684129245
0.16694008112473738
0.1671607487651896
0.16737474394035234
0.16758857585097886
0.1678086618111736
0.16802238727228444
0.1682366853620522
0.16846231737595666
0.1686810892198403
0.16889622483656203
0.1691142203610117
0.16932346679021731
0.1695329196905348
0.16974923458742897
0.16995834132992257
0.17016771214308374
0.17038327982925866
0.17059236434963382
0.17080133235269193
0.17101649166713548
0.17122517572352555
0.17143370500724156
0.17164834946130125
0.17185651006460426
0.1720644939139083
0.1722786785854272
0.1724865418423193
0.17269634143926144
0.17291691744904417
0.17312996521552168
0.1733394445533728
0.17355156375945174
0.17375507690313674
0.17395892836413945
0.1741691192015808
0.17437253894540353
0.174576112654845
0.17478571175357957
0.17498902539877345
0.17519221165219007
0.1754014086936041
0.17560430093277202
0.17580702506780185
0.17601568891439617
0.1762180543772986
0.1764202224809996
0.17662858122661335
0.17683072571328198
0.17703641347811352
0.1772498413996911
0.17745349021476542
0.17765362625039702
0.17785602846117834
0.17805009096183794
0.1782445488434745
0.17844473428977323
0.17863872479703605
0.17883271535639353
0.17903246815162738
0.1792262228457087
0.1794198430806267
0.17961917650783632
0.17981248858035653
0.18000561622506767
0.18020440159427978
0.1803971761653826
0.18058974547768775
0.18078833506337336
0.18098165704796096
0.1811793941965912
0.18138297474525353
0.18157685899402004
0.18176724574061148
0.1819595222665094
0.1821422631901435
0.18232305846958513
0.18250957923482444
0.18269064570614818
0.1828716623342196
0.1830580287134076
0.18323878356152032
0.1834193966843941
0.1836053215307818
0.18378561331340088
0.18396570561221326
0.18415107418430549
0.18433080995048526
0.18451035701495885
0.18469562734943334
0.18487733291744307
0.18506314567055265
0.18525341010488244
0.1854344310192485
0.18561191180295736
0.18579244859551278
0.18596786344236785
0.1861438376348881
0.18632436830676824
0.18649971344281255
0.18667494149432368
0.18685533170422075
0.18703027963840652
0.1872050772763449
0.18738500376138315
0.18755945856703515
0.1877337147110439
0.18791147875988823
0.1880797573014663
0.1882455597698223
0.18841664747923959
0.18858685789628307
0.18876033416207977
0.1889375973353041
0.1891060372921758
0.18927086137482146
0.18943672391274285
0.1895954338018615
0.1897545192006502
0.1899176067598026
0.19007606465744287
0.1902343758987401
0.1903973312834427
0.19055534620609557
0.19071320073347034
0.19087566008158163
0.19103314599515497
0.19119044078837277
0.19135233283418598
0.1915092656924804
0.1916664996726959
0.19182935094545658
0.1919899431741772
0.19214930042629705
0.19246166462098221
0.19261000082978855
0.19261000082978855
0.19276050547959472
0.192906882876579
0.19305344046529008
0.19349590983926698
0.19349590983926698
0.19349590983926698
0.19364612136631054
0.19379175703430981
0.19393722453468984
0.19408691158292998
0.1942319909754252
0.19437689160320404
0.19452434605771834
0.19466336812534205
0.19478677586133686
0.1948838732844593
0.1949779873930998
0.19507450571902005
0.19517417415850644
0.19527119310835764
0.19536844339944257
0.19546885095097596
0.19556678710406955
0.195664819976806
0.1957651810554911
0.1958626641458782
0.19595999091627517
0.19606010695665949
0.19615710867763245
0.19625392970626365
0.1963534816473568
0.19644989674516206
0.1965461389040699
0.19664512194182754
0.19674120883673432
0.19683807348406548
0.19694052941826445
0.1970429359472478
0.19714559728026618
0.19725163396743334
0.19735483614397104
0.19745825747921392
0.1975650071722094
0.197669225019758
0.1977731342991385
0.1978798450358797
0.19798338182959616
0.19798338182959616
0.19808677231965754
0.1982961986604247
0.19839907922699732
0.1985048686694654
0.1986073433725826
0.1987096567406263
0.19881488221683677
0.19891725091496676
0.19902047311569482
0.19902047311569482
0.19923746044631105
0.1993410151141907
0.19944398500687527
0.19954022221425155
0.1996326883383892
0.19972565988253008
0.19981635987931923
0.1999066760775524
0.1999995429965745
0.20008792160575933
0.20017212614758015
0.20025454596089645
0.20033636785784067
0.20044964162083037
0.20059530472023435
0.20073852620378482
0.20088530131542431
0.2010606592576981
0.20126697244468889
0.20149515735178086
0.20174987559900073
0.20204200005178477
0.2023618504199912
0.2027040703255071
0.20307766342723327
0.20349039525878318
0.2039654508280515
0.20445600991187307
0.20493383350264643
0.205399282273067
0.2058293333695335
0.2062389772009626
0.20663793111828616
0.20705509090881058
0.20751082860162515
0.20802084812027438
0.20855424439400136
0.20910954622144226
0.20969890292172824
0.21030066334918673
0.21094073221053622
0.2116379337453036
0.2123487339787521
0.21308337688843876
0.21386297793691766
0.21466971983527802
0.2154771916441691
0.2163270726309086
0.217197383630718
0.21809277828447973
0.21897574006376538
0.21979282494310018
0.22057062318924592
0.2213323921896876
0.22202805184718116
0.22266170199275315
0.22318966865747453
0.2235674270176416
0.22385672416743294
0.22409170898773928
0.22429625699242706
0.2244864092292527
0.2246714290666328
0.22484960291034956
0.22502134594972428
0.22518350762043687
0.22533818873619055
0.22549040387170882
0.22563808947284664
0.2257707300974057
0.2259051237683966
0.22603989003146233
0.2261580810773694
0.22627047938272046
0.22639229416942724
0.22652962720582448
0.22665662640041814
0.2267847282663876
0.22693073879613504
0.2270852021964912
0.22723529288685687
0.22735507404288488
0.22747591932121883
0.22761924734367514
0.22776241775498582
0.2279022987894795
0.22805244645451425
0.2282143834193078
0.22836890830270992
0.22853208167621517
0.2287088313495803
0.22888731973900772
0.22908985968778106
0.22930384206433582
0.22949411342638457
0.22963907107797826
0.22979381746209834
0.22994758587046427
0.23008039107098857
0.23023243381574524
0.23042899737834663
0.23066274005599918
0.2308927995765075
0.2310721915794634
0.23123957997665734
0.231388900498652
0.23154121612551032
0.23172847298440055
0.2318722033847447
0.23217686181738592
0.23217686181738592
0.23232547529925773
0.23246260135212946
0.23257680042696968
0.23269375962166144
0.23281719080443886
0.23293612053782659
0.2330308299889098
0.23312278776511586
0.23323957955471977
0.23337264781448389
0.23350018777668677
0.233643098272755
0.23378894693472518
0.23392532584607312
0.23405593624588766
0.2341728566414703
0.2342819145032467
0.2343816924234899
0.23448129325064337
0.23458534193881078
0.23468586225706312
0.2347770514082707
0.2348621689155561
0.23494984107176045
0.23504708893887677
0.23515217905488273
0.23527442141767635
0.23539165046842067
0.23550096448455068
0.23561105822416034
0.23571865407247608
0.23581655286358122
0.23592342768943567
0.23603245891750282
0.23614518824167371
0.2362763174583593
0.23640125991940206
0.23652846179942807
0.2366763385837277
0.23681778548259638
0.2369452798895976
0.23705619259331845
0.2371600883846803
0.2372595821587228
0.23735418482603327
0.2374579658643733
0.23759591076276992
0.23773976045704487
0.23788340656681525
0.23803666509327065
0.23816849652581099
0.23830595927996517
0.23845549189431256
0.23860339484829748
0.23876053307626666
0.23892077448512816
0.23910757634000315
0.2392866721325592
0.23944011782932587
0.23958913916167976
0.23974412151053734
0.239874680525486
0.24000214797947692
0.2401415280376042
0.24027389184794085
0.2403804423985392
0.24048221687781562
0.24060097312420262
0.24071585306527665
0.24079994043671907
0.24088333449348376
0.24098483897329045
0.2410760545014798
0.24115953096656145
0.24122111904372956
0.2412637993624702
0.24132311071948637
0.2413851376484469
0.24143833021418745
0.2415018212575856
0.24158338830259354
0.24168728793907965
0.24178597116992545
0.24189768152204386
0.24201928716093904
0.24213298543687983
0.24222950988732458
0.24232226159913414
0.2424347606592881
0.24257018181749354
0.2426963822926157
0.24282985007132565
0.24297955631343418
0.24311534594924306
0.24323462086127837
0.24335682503119793
0.24348357991081943
0.24360242869574994
0.24371664166624216
0.24381839691988694
0.24392053705534794
0.24402934400025073
0.24413281610253407
0.24424804182018386
0.24437404362686313
0.24437404362686313
0.24463720687569632
0.2447877855381825
0.2449395735093361
0.24508934709653055
0.24523766041380646
0.245372822443945
0.24550817943221567
0.24564403367074586
0.24576680456333935
0.24588199434683042
0.24600393494274975
0.24613669634624577
0.2462716278518462
0.2464130580729972
0.24655321804385538
0.2466972177967226
0.24685586196120185
0.24700531432766654
0.2471601807599376
0.24735625930627336
0.2475598530108739
0.24775494927661565
0.24795717206019946
0.24815851294404748
0.2483306811441741
0.24847724681130837
0.24861654642190034
0.24877007783614913
0.24894830820291092
0.24914419418172967
0.24936319193548226
0.24957040004893088
0.24975485606981518
0.24995373016677458
0.2501244034412699
0.25027594899303696
0.250408466699292
0.25054821537568517
0.25086800008779875
0.25086800008779875
0.25101771565988706
0.2511489019930865
0.25124568843093326
0.2513449115617498
0.25145494540096663
0.25153532644401144
0.2515916142260053
0.25164994722651723
0.2517159993992206
0.2517963323963836
0.25199793370497553
0.25199793370497553
0.2520968865679318
0.2522188404324356
0.25237357959601797
0.25252709754849434
0.2526904077490244
0.25286032818661613
0.2530239471522392
0.2531558285227222
0.253286831481287
0.25343573595402485
0.2535706086624915
0.2536861924525529
0.25380759371359723
0.2539323097879636
0.2540490922618843
0.2541611852817215
0.254258089019607
0.25435662953722665
0.2544631763244373
0.2545600944604289
0.25465073456666426
0.2547380673909641
0.25482268966220795
0.2549193802836733
0.25503337363992074
0.2551509584331229
0.25527384282471793
0.2554126844697868
0.25555051855934385
0.255698785034722
0.25586367528969006
0.2560211718922266
0.25617449590813435
0.2563230605729795
0.2564582195880945
0.25659472544470197
0.2567304069646155
0.2568519386343243
0.25696600774157247
0.2570879250502805
0.2572238720071144
0.2573660860906726
0.2575190469184706
0.2576587676299586
0.2579716838326595
0.2579716838326595
0.2581516187590063
0.2583258124414981
0.2585026942160722
0.25869527220890004
0.2588869476922662
0.259079794417086
0.25927235908757396
0.25945580730624956
0.2596418603916956
0.25982967850589245
0.26001953691780466
0.260231682544061
0.26045358890985426
0.26069242216387184
0.2609570328217581
0.2612126553985318
0.2614457398469781
0.26165886507662484
0.26181666989011115
0.26195673613896503
0.2620808193687368
0.2622042961227904
0.2623579637465551
0.2624803350943551
0.2625936214359225
0.2627340127567059
0.26287066012429655
0.26297302777201553
0.26307361791076533
0.26319553270473334
0.2633058900471456
0.26339309239382175
0.2634860757474966
0.26358745453729654
0.26368252481170446
0.2637739389718999
0.2638461946227687
0.2639187267558174
0.2640141680203387
0.26412602915229627
0.2642327628839229
0.2643513862978881
0.26447502592590216
0.26459079410801967
0.26469373150906694
0.2647956620431846
0.2649121649549405
0.2650465484973152
0.26519181451921875
0.2653521520079974
0.26550341779747016
0.26564909681859467
0.265799281514859
0.2659497175634607
0.2661088044304997
0.2662782482833218
0.2664705019396075
0.2666550605888976
0.2668284683197918
0.26700354573893653
0.26716989372798494
0.26732612465303207
0.26748176485800906
0.2676301617933441
0.2677721205412428
0.2679085456432652
0.2680399143972365
0.26816805778985775
0.26829161655800393
0.26840355223747236
0.26851736277179056
0.2686309515419779
0.26873036269991285
0.26882474565634396
0.26891425180959533
0.26900432494831095
0.2691130080157853
0.26923588748216
0.26935243384259633
0.2694504591262195
0.2695509068903281
0.26966256467008326
0.269781005028139
0.2699051473352945
0.2700242933528982
0.27015390806669864
0.2702833515637325
0.2703962313080677
0.27049797870750975
0.27061264345094493
0.27074034651520046
0.2708610354228848
0.2709690495449461
0.2710852121499222
0.2712264501153839
0.2713949183603965
0.2715749220103769
0.27171857701497965
0.271852135094439
0.272007696614786
0.272134490123934
0.27225297305154234
0.27239219021245104
0.27252432033622975
0.27263136267245
0.27273259279723927
0.27285103963806456
0.27296508195380664
0.27305348542897395
0.2731436865930032
0.27324917663571935
0.27334516575697976
0.27343491642502593
0.27351079856606925
0.2735874822821276
0.27368204075231833
0.2737984751584567
0.2739191731799879
0.2740320843811614
0.27413077263708313
0.27423005386517124
0.27434418470927796
0.2744791138711013
0.2746105453317904
0.27475147512368997
0.27490446103441296
0.27504351656357395
0.27516719124392114
0.2752920977720392
0.27542709022132117
0.2755757842836793
0.2757433009347919
0.2759197694702522
0.27611051234295353
0.2763131513617976
0.2765187073905108
0.27674054381350477
0.27715255395731264
0.27715255395731264
0.2773322180475466
0.2775195025438541
0.27771316818246183
0.2781205689049406
0.2781205689049406
0.27833659392158266
0.27856638392158606
0.2787919905188638
0.2790002883944512
0.2792005411189238
0.27939280743677475
0.27957488802645797
0.279747038660399
0.2799109677925085
0.28007336742219824
0.28022623507799177
0.28036423706872565
0.2804875546904337
0.2807325269165388
0.2807325269165388
0.28083606328473354
0.28093725500789185
0.28104117085902813
0.2811387892805386
0.28123706339996557
0.28134531931352397
0.2814664937607676
0.28160126984584316
0.2817545477569003
0.28191538953594086
0.28208225948545623
0.282272134486982
0.28245620630505824
0.2826514896791614
0.2828410464134253
0.2830065798208672
0.28318452835111363
0.2833816041167291
0.283592967657787
0.28383111632971947
0.28406267255810397
0.28427046740512957
0.2844391615807855
0.28460313167480417
0.2847517749602085
0.28487462345351144
0.2850250893288144
0.28520215345153044
0.2853935964661279
0.28561097302882876
0.285811356372944
0.2860240174408397
0.2862651144497745
0.2865229391818321
0.2867745719769062
0.2870172465141516
0.287218769684218
0.28742426096557494
0.28763731863713093
0.2879974006063878
0.2879974006063878
0.28818576396526685
0.2883447185716718
0.28849764526937993
0.2886721795989892
0.28884226325430146
0.2890174272861495
0.289217031891662
0.28941348931565763
0.2896169174313445
0.28984700367619576
0.29005345075656214
0.2902527633885964
0.29045656458951724
0.29064184599951665
0.29083572773363237
0.29105206232034025
0.29127413323648715
0.2914920087141303
0.2917334002121611
0.2919891292448989
0.2922441708483513
0.29249020292365696
0.29271386850894127
0.2929239344216409
0.29313867439584645
0.2933329845268191
0.2935124524443395
0.2936922954163044
0.29385412720724724
0.2940103610826246
0.2941868068010504
0.2943581279154034
0.2945240371570294
0.2946879052927604
0.29482812577261325
0.2949676101901133
0.2951387336375818
0.2953288745237825
0.2955385430234163
0.2957633139376653
0.29598365621087463
0.2961903547647518
0.29638568244098745
0.29655825262349
0.29671940449735845
0.2968834651580524
0.29706042743215627
0.2972591054331706
0.29748896307955647
0.2977266728586919
0.29794919017325017
0.29815971175437084
0.29832272210167704
0.2984704594974194
0.298600720491514
0.29872553922486167
0.298877283951856
0.29902633729577066
0.299157678310508
0.2992563192878268
0.29932570913174034
0.29941726549610675
0.29951114494493025
0.2996061749669412
0.29971762322829537
0.29985753693043055
0.2999932978018452
0.3001303088815766
0.3003010954058438
0.3004639143685638
0.3006325319665348
0.3008277368413792
0.3010169513415676
0.30121320195507106
0.3014352775634943
0.3016531811258647
0.30183389883851974
0.3020185890637088
0.30221137118053254
0.30237319162300214
0.30253928162705657
0.30271205335560825
0.3028684427724862
0.30300643886409867
0.3031439301600603
0.30329136789298267
0.30344472195175826
0.30360531236297933
0.30377605911697686
0.30395624040494695
0.30414271216734196
0.30434293417720626
0.30453273793124125
0.3047146907262334
0.3049010120450523
0.30507494453453626
0.3052404931804222
0.3053935928628884
0.3055423596796614
0.3056846885983341
0.3058343927795817
0.30598728360163224
0.3061438507381807
0.30630941307067366
0.30646897999419814
0.30662798898292254
0.30678770002049105
0.3069503053716791
0.3071076732515194
0.30724257869185506
0.3073695171117675
0.30750461280827346
0.30763046808911193
0.3077358806491221
0.30783951549994926
0.3079378392394126
0.3080370333938584
0.3081510667054971
0.3082653705129864
0.30838220744222383
0.30850960220494905
0.3086492341670165
0.3087822316537979
0.3089214775318056
0.30907577052581936
0.309230446336416
0.30938543313568473
0.3095553409440533
0.30972262060194594
0.3099126284625445
0.31013086700286424
0.31037590839531487
