1
0.0
0.0
2
0.0
0.0
3
0.0
0.0
4
0.0
0.0
5
3.9999823927036875
-3.97590624452098e-08
6
3.9999820923922607
-4.547551854522256e-08
7
3.9999815325607164
-4.6088289335601705e-08
8
3.999443721091247
-6.295075592567133e-08
9
3.9977963316093033
3.0547365042805646e-07
10
3.995138346437294
2.9679241357772493e-07
11
3.9914535650125136
2.0027748685499853e-07
12
3.986645003877775
1.5411510197476623e-07
13
3.9816897494013
3.2767612606596196e-07
14
3.9767364924421242
4.647003278631697e-07
15
3.971632420141529
5.573230622456658e-07
16
3.9666784239470902
5.92601119562753e-07
17
3.9617252669432257
5.903014714562265e-07
18
3.956623664524015
4.6809612928463134e-07
19
3.951679077113387
8.047021557775669e-08
20
3.946780195270187
6.279724348473715e-07
21
3.9417096511105045
1.0450751270232653e-06
22
3.936972522406444
-9.804611920921542e-07
23
3.932733598837735
-3.300599914903534e-06
24
3.9289723551229367
-5.910159711647686e-06
25
3.9259569395635836
-8.78544561849727e-06
26
3.9235813342137127
-1.2248484514995306e-05
27
3.921784736269058
-1.685210631108498e-05
28
3.9206227140835392
-2.321428675453897e-05
29
3.9199483300133937
-3.352543280356942e-05
30
3.9196310942282064
-5.643772882745233e-05
31
3.919524934247074
-0.00010462503296498662
32
3.9195235630426373
-0.00013111804327156344
33
3.9196436998682564
-0.00011675386253814877
34
3.9199917388305505
-0.00010916263836495104
35
3.9206872588719066
-0.00010507970955295274
36
3.921883635174077
-0.00010352234495046693
37
3.9236131795237896
-0.00010418906517126674
38
3.9259918658545545
-0.00010685199582399082
39
3.9292005777774133
-0.00011166819783786278
40
3.933111692844484
-0.00011843786188988976
41
3.937824157816447
-0.0001274369025657558
42
3.9429247327372097
-0.00013736681322831275
43
3.947876180430127
-0.00014699641288845415
44
3.9528285264769303
-0.00015664362859378218
45
3.9579319028733853
-0.0001666209577697569
46
3.9628861036773406
-0.00017635076705840042
47
3.967841091617332
-0.0001861341077481483
48
3.977900234091365
-0.00020616363976156215
49
3.977900234091365
-0.00020616363976156215
50
3.9828527945985885
-0.00021611484886963973
51
3.9879512795606153
-0.0002265602402333318
52
3.9928686177362636
-0.0002376512673374177
53
3.9977751033192996
-0.00024829544630617555
54
4.0028728606411
-0.0002606386807534252
55
4.0078186393619974
-0.0002724535693378026
56
4.012763907850678
-0.0002841688554491836
57
4.017859644372299
-0.00029614062755563405
58
4.022806233149757
-0.00030766679175823027
59
4.027753598450355
-0.0003191141479547939
60
4.032851714558784
-0.00033083805714333316
61
4.037800725426077
-0.0003421622869438369
62
4.042750583387272
-0.0003534405951074646
63
4.047851347159808
-0.00036502717733620597
64
4.052802990409564
-0.00037625246170794975
65
4.057755536469295
-0.00038747577001946955
66
4.062859120115377
-0.00039904829672586864
67
4.067813510419498
-0.00041030097214762634
68
4.072768567278715
-0.00042158066762172907
69
4.077873415389115
-0.0004332295388806215
70
4.0828270909882285
-0.0004445467538292622
71
4.087779005077452
-0.0004559233035971606
72
4.092873794304977
-0.00046788395018804667
73
4.097777906763162
-0.0004801674640708339
74
4.102699744128227
-0.0004927847642809251
75
4.107795923240764
-0.0005068360740613618
76
4.112741106181719
-0.0005201725914875245
77
4.1176864574108825
-0.0005333907348665181
78
4.1227823179034635
-0.0005468790740739246
79
4.127729052651126
-0.0005598499572568848
80
4.132676565124739
-0.0005727154815503694
81
4.137774838396269
-0.0005858698409796363
82
4.142724008783585
-0.0005985525622460814
83
4.147674030561265
-0.000611159170702132
84
4.15277496769373
-0.000624082633685754
85
4.157726787691411
-0.0006365751398915461
86
4.1626795174264455
-0.0006490344716957577
87
4.167783287947039
-0.0006618451897630924
88
4.172737830744839
-0.0006742651009848734
89
4.177692844196507
-0.0006866764172732783
90
4.18279739522339
-0.0006994469755976779
91
4.18775063113368
-0.0007118136214112913
92
4.1927016752705075
-0.0007242377223859761
93
4.197789491946536
-0.000737552628084167
94
4.202685819979368
-0.0007506135786570489
95
4.207621984747476
-0.0007649385185008786
96
4.212717038695026
-0.0007798802055505816
97
4.217662148317903
-0.0007942239912885337
98
4.222607581418653
-0.0008084082546737797
99
4.227703561648107
-0.0008228516711850172
100
4.23759807762491
-0.0008504302389433494
101
4.242696501522185
-0.0008644250800009244
102
4.242696501522185
-0.0008644250800009244
103
4.247645818346452
-0.0008778849011167974
104
4.252595992319922
-0.0008912287556353763
105
4.257697095359188
-0.0009048706454444904
106
4.262649092264841
-0.0009180257861518571
107
4.267602011129356
-0.0009311105798917454
108
4.272705966254137
-0.0009445244905115211
109
4.2776606417402565
-0.0009574853335728616
110
4.28261551171402
-0.0009703935166639405
111
4.2877197223348995
-0.0009836271720737332
112
4.2926724501945195
-0.0009964050538585562
113
4.297622219514452
-0.0010092355801309134
114
4.302698635973433
-0.0010233613608673874
115
4.307596060570235
-0.0010365787063956655
116
4.312538377948313
-0.0010515775086490406
117
4.317633727202177
-0.0010668744938081695
118
4.322578748687925
-0.0010815125251410589
119
4.3275242544731265
-0.0010959444110489357
120
4.332620345300514
-0.0011105951910525733
121
4.337567330259683
-0.0011246131269556123
122
4.342515104734903
-0.0011384435736016543
123
4.347613664328207
-0.0011525079276968652
124
4.352563122363246
-0.0011659884640845013
125
4.357513447438451
-0.0011793128177484517
126
4.362614704507073
-0.0011928897419874727
127
4.36756687470085
-0.0012059451093262964
128
4.372519972285916
-0.0012188843728683058
129
4.377624110896929
-0.001232101442219951
130
4.382578889337973
-0.0012448229159799141
131
4.387533547733144
-0.0012574405411724843
132
4.392637388440989
-0.001270321458245184
133
4.3975895303142325
-0.001282725627203572
134
4.402537110155877
-0.0012951767845546355
135
4.407598602202008
-0.0013087999126195626
136
4.412507874332071
-0.0013220025856872947
137
4.41745409392968
-0.001336618501632343
138
4.422549197903394
-0.0013512519666808766
139
4.427494200518773
-0.0013651949531954467
140
4.432439788119106
-0.0013788801331480456
141
4.437535994211784
-0.0013927109274879381
142
4.442483099509422
-0.0014058854602090117
143
4.447430998169803
-0.0014188240994778738
144
4.452529696717635
-0.0014319204369603092
145
4.457479296474345
-0.0014444124958296492
146
4.462429763027687
-0.0014567011751534802
147
4.467531179873202
-0.0014691615240330434
148
4.472483524969166
-0.0014810918277960374
149
4.477436801584443
-0.0014928562499850811
150
4.482541112919592
-0.0015048087002569096
151
4.4874959258802685
-0.0015162483494928806
152
4.492450337669992
-0.0015275315192564787
153
4.497553782502959
-0.0015389792782369404
154
4.502505207706854
-0.0015499747550032307
155
4.507448204932682
-0.0015611142437079012
156
4.512496465400647
-0.0015731722284365133
157
4.517422163646824
-0.0015853685067913595
158
4.5223678158236105
-0.001598104517434029
159
4.5274624798977765
-0.0016108141651449215
160
4.53240753278306
-0.0016228431785488193
161
4.537353212631533
-0.001634561629616476
162
4.542449537073355
-0.0016463147703046032
163
4.547396762018593
-0.0016574242496639208
164
4.552344785974078
-0.0016682492352405338
165
4.557443622029519
-0.0016791169785860024
166
4.562393357456225
-0.0016893959387560469
167
4.567319876263457
-0.0016993790558196213
168
4.572336472607837
-0.0017093073253347706
169
4.581971254467325
-0.0017277519652459021
170
4.581971254467325
-0.0017277519652459021
171
4.586875057554273
-0.001736828782376992
172
4.591544317371824
-0.0017452801553674087
173
4.596155539783083
-0.0017534630573408374
174
4.600904075587393
-0.0017616842968797384
175
4.605444593947778
-0.0017694242919632855
176
4.609973704656029
-0.0017771636478925471
177
4.614592948048603
-0.0017854796621111291
178
4.619017814460619
-0.0017933608069496778
179
4.623449252668158
-0.0018018229007286761
180
4.627980418702811
-0.0018101549524878694
181
4.632331207582821
-0.0018178551464440166
182
4.636682043705619
-0.001825258141582433
183
4.641113731549292
-0.001832489666482553
184
4.645399208344321
-0.0018391896799186743
185
4.654035931583356
-0.001851860966365697
186
4.654035931583356
-0.001851860966365697
187
4.658282132650707
-0.0018577024728526643
188
4.662496959150018
-0.0018632600712821356
189
4.666840041986853
-0.0018687475669965752
190
4.671031525756966
-0.0018738290927526105
191
4.6752079352263545
-0.0018786961989976521
192
4.679498797213557
-0.001883521659572052
193
4.683664177507262
-0.0018880382121263075
194
4.687804453305794
-0.0018923662992331542
195
4.692058170628074
-0.0018966488524446462
196
4.700283379430462
-0.001904502769731023
197
4.700283379430462
-0.001904502769731023
198
4.7045098319907375
-0.001908310657436774
199
4.708448862880685
-0.0019114059204339323
200
4.71232447320902
-0.0019164029833918285
201
4.716355738573492
-0.0019241351620473668
202
4.720241194548273
-0.0019271621771914792
203
4.724197213056876
-0.0019311827624402794
204
4.728386535251795
-0.0019363896489146342
205
4.732459251286631
-0.0019412005763146637
206
4.736515801380252
-0.0019457534917847249
207
4.740683983220471
-0.001950179923540391
208
4.744728745025638
-0.0019542380125746437
209
4.748759410288775
-0.0019580605963088163
210
4.752902450464204
-0.001961773508058914
211
4.756919898932404
-0.001965177814378231
212
4.765041372127843
-0.001971524277358653
213
4.765041372127843
-0.001971524277358653
214
4.769038205978731
-0.0019744130182712625
215
4.7727924794507555
-0.0019770157373401546
216
4.776855179623476
-0.001979789519432444
217
4.780844392395567
-0.001982423449964581
218
4.78482505302397
-0.001984976893532723
219
4.788919004170025
-0.0019875282427344884
220
4.792890629054096
-0.0019899347051387105
221
4.7968503967390035
-0.0019922674133710143
222
4.800921772724268
-0.0019946263433134556
223
4.804869277156418
-0.001996859389138809
224
4.808804228603748
-0.0019990219076273185
225
4.81285024680777
-0.0020012791026360775
226
4.816769967537251
-0.002003621776718196
227
4.820650921135513
-0.0020070542051376815
228
4.824620606786498
-0.0020087696250461937
229
4.828527642792435
-0.0020112294948819182
230
4.832428637693527
-0.0020137293848833467
231
4.836448045153823
-0.002016127691514638
232
4.840343850928351
-0.002018315720450846
233
4.844228156975811
-0.0020203424333834095
234
4.848225079963082
-0.0020222880559571735
235
4.852105895602615
-0.0020240567838065845
236
4.855978586008922
-0.0020257281551380067
237
4.85996522562337
-0.002027365696904913
238
4.863835238940762
-0.0020288977994068857
239
4.8676990369894035
-0.00203037421358106
240
4.871677058928691
-0.0020318724301253504
241
4.875540417469891
-0.0020333192851893583
242
4.879396159805719
-0.0020347725605364864
243
4.8833646602665794
-0.002036291740221965
244
4.887217553673415
-0.002037799853418141
245
4.891063054253002
-0.0020393520595026597
246
4.8950224173679695
-0.0020410072832015877
247
4.898867989790625
-0.0020426676885681046
248
4.902706038955752
-0.002044394192558296
249
4.9066567559502445
-0.0020462469378061464
250
4.910492786405401
-0.0020480863078690807
251
4.9143203591038
-0.0020499840418595518
252
4.918258185706453
-0.0020521160035704687
253
4.922066624218937
-0.002054965663110774
254
4.925824546372352
-0.0020576406028925127
255
4.929714422157314
-0.002059607651513962
256
4.937362939654408
-0.002064495770197362
257
4.937362939654408
-0.002064495770197362
258
4.941299008143151
-0.0020670415465483833
259
4.945119197283779
-0.002069443047528914
260
4.948932449874466
-0.002071803979025471
261
4.9528592198009065
-0.002074220817547487
262
4.956673842696528
-0.0020765780248570556
263
4.960481764748637
-0.0020789579101102443
264
4.964401580410888
-0.002081448718173654
265
4.968208483153342
-0.0020839226755729507
266
4.972016029200644
-0.0020864720906381886
267
4.975929876380379
-0.0020891734097875673
268
4.979731686773858
-0.0020919045601066493
269
4.983527158143093
-0.0020947491086150843
270
4.987438294396448
-0.002097817675504744
271
4.99123362177691
-0.00210092414516064
272
4.995029628548306
-0.0021041874814247737
273
4.998931515108297
-0.002107696526204278
274
5.002719275438716
-0.002111248022588911
275
5.006501026166901
-0.0021149652964482335
276
5.010395584584866
-0.002118967521748578
277
5.014178834873364
-0.0021229913452756725
278
5.017955258153152
-0.0021271749403117372
279
5.0218433324641705
-0.0021317003338463063
280
5.025601551031819
-0.0021370112429740765
281
5.029309960251544
-0.002142337221348522
282
5.033149849555486
-0.0021471290071165016
283
5.036932083832531
-0.0021526083944619742
284
5.040708737992025
-0.002158068614469114
285
5.0445951613904
-0.0021638053693392163
286
5.048369746346014
-0.0021694308080889477
287
5.052138380557877
-0.002175099711666294
288
5.056019995176715
-0.0021810125033448887
289
5.059791628392662
-0.002186842223742238
290
5.0674369934100785
-0.0021989687172742985
291
5.071202832449069
-0.0022051169929240212
292
5.071202832449069
-0.0022051169929240212
293
5.074742347302328
-0.002211011272643244
294
5.078587714486625
-0.0022177209725352098
295
5.082370722436282
-0.0022244590144237736
296
5.086150724845339
-0.0022313694515922245
297
5.090043379257127
-0.0022386795129332717
298
5.093824807866409
-0.0022459801404573513
299
5.097606952184739
-0.0022534904501769607
300
5.10149461838556
-0.002261424401729075
301
5.10527102311668
-0.002269348739090633
302
5.109047757730928
-0.0022774962197967402
303
5.11292934052111
-0.002286104751402123
304
5.116698616747779
-0.0022946806421128654
305
5.120459470413625
-0.0023034568412560164
306
5.124328395942206
-0.0023128044692465395
307
5.131782842472401
-0.0023331007456715413
308
5.131782842472401
-0.0023331007456715413
309
5.135587258892849
-0.0023430782495505375
310
5.1393381916165355
-0.0023541528060717198
311
5.1430857071993845
-0.0023653218380715896
312
5.1469425252260725
-0.0023769767311852237
313
5.150685686639975
-0.0023884195633316037
314
5.154425566302559
-0.0023999760402755223
315
5.158279278503351
-0.0024120198096146935
316
5.16576369193428
-0.0024358309871958294
317
5.16576369193428
-0.0024358309871958294
318
5.169617427403971
-0.0024483241537556666
319
5.173362223733699
-0.002460619401735912
320
5.180956397459248
-0.0024860931592576873
321
5.180956397459248
-0.0024860931592576873
322
5.184697088457608
-0.0024989265598338675
323
5.188437593899553
-0.0025119620196071314
324
5.192291626862212
-0.002525615237560219
325
5.196037251697907
-0.0025391142850106426
326
5.19978359834672
-0.0025528490307407635
327
5.203634507692573
-0.002567218560408722
328
5.207376230706291
-0.002581433452573932
329
5.211112993643935
-0.002595884304758485
330
5.214961963429606
-0.00261104305711056
331
5.218701538820335
-0.0026260325877469136
332
5.226284813039563
-0.0026572553167779718
333
5.226284813039563
-0.0026572553167779718
334
5.230012368508355
-0.002673118152144536
335
5.237416642292372
-0.0027015981894017264
336
5.237416642292372
-0.0027015981894017264
337
5.241088841351626
-0.0027188825214062777
338
5.244824409279731
-0.0027379240165783334
339
5.2486775663399525
-0.0027575946577342142
340
5.252416797876412
-0.00277685127659955
341
5.256154943824625
-0.0027962702893733113
342
5.2637488291970005
-0.002836226389840039
343
5.2637488291970005
-0.002836226389840039
344
5.267492168127703
-0.002856179057856672
345
5.271342687828535
-0.0028768875294386915
346
5.275084062722722
-0.0028971862819531236
347
5.278818641280748
-0.002917637156378815
348
5.28266419002656
-0.0029389038568504553
349
5.286401198994402
-0.002959780778067902
350
5.29013317281665
-0.00298084684609911
351
5.293977258421
-0.0030027802977756757
352
5.297711049809928
-0.003024322816830365
353
5.30143682551569
-0.003046063132552681
354
5.305273719482094
-0.0030687133693972466
355
5.309003388029012
-0.0030909917287813313
356
5.312729043996325
-0.0031135097993251486
357
5.3165677001068925
-0.0031369895163131816
358
5.320298043252824
-0.003160076820267137
359
5.324022877685177
-0.003183391815389828
360
5.327859446647233
-0.0032076803876766513
361
5.331586440513149
-0.0032316082921533293
362
5.3353045253726465
-0.0032558730619208806
363
5.34275414129626
-0.003307666625004358
364
5.346471519818292
-0.003335868468707148
365
5.346471519818292
-0.003335868468707148
366
5.350123202038047
-0.0033641720112434145
367
5.357497904813424
-0.0034232437771796478
368
5.357497904813424
-0.0034232437771796478
369
5.361348802906287
-0.003454679935307146
370
5.3650942165375115
-0.0034854013118909935
371
5.368833682127628
-0.003516218878716081
372
5.372687045268004
-0.0035481322274030563
373
5.376428790004466
-0.0035792731816243475
374
5.380164581149891
-0.0036105186810490263
375
5.384012454438223
-0.0036428706085580545
376
5.387751470846909
-0.0036744793411750275
377
5.391485114670586
-0.0037062161246213606
378
5.395331176328774
-0.0037390948968363223
379
5.399068784868787
-0.003771234954197534
380
5.402801333698794
-0.0038035224423250587
381
5.406646553268301
-0.003836988433885051
382
5.410383586488285
-0.003869716277515083
383
5.41411527634027
-0.003902601857006571
384
5.417955888453235
-0.003936661258440554
385
5.4216809854868195
-0.003969905098332589
386
5.425390788268727
-0.004003212363739707
387
5.429198901025551
-0.0040376010404204
388
5.432893650693728
-0.004071176156983608
389
5.436575211712214
-0.004104928513402516
390
5.4403366730762395
-0.004136702867073432
391
5.443933216051801
-0.004170440080448525
392
5.447517052630447
-0.004206688551585716
393
5.451208432595766
-0.004244880558441571
394
5.4547723002734045
-0.0042818354081184985
395
5.458334955260663
-0.0043188479693797525
396
5.4619556497159945
-0.004356543532025713
397
5.465451300543785
-0.0043930029208845475
398
5.468921835528037
-0.004429260696795968
399
5.472497905483495
-0.004466686182256817
400
5.4759308271830704
-0.004502679890671662
401
5.479337233989132
-0.004538459072104569
402
5.482824993585274
-0.004575160196884847
403
5.486193177388152
-0.004610670104911904
404
5.4895618190401825
-0.00464625450602186
405
5.4930069599772695
-0.004682725292525213
406
5.496310463233121
-0.004717773654275516
407
5.4996142770808145
-0.004752899360535704
408
5.502969703875905
-0.004788658456824816
409
5.506226456708605
-0.0048234466239593845
410
5.509440541185158
-0.004857863057407565
411
5.512731117131727
-0.0048931806573391246
412
5.515908464691073
-0.004927364172688683
413
5.519061822053996
-0.004961369198734195
414
5.522289299930003
-0.004996253974202541
415
5.525421513538625
-0.005030183613317508
416
5.52850983636148
-0.005063722698602213
417
5.531668543129957
-0.005098089647033645
418
5.534733294824558
-0.005131486793234513
419
5.537756922657091
-0.005164548221091709
420
5.540869451643168
-0.005198675712454653
421
5.543859318826445
-0.005228216821936392
422
5.546793138295605
-0.005260423921126602
423
5.54979793750668
-0.005295826537585477
424
5.552718513673582
-0.005331834960271223
425
5.555632121356125
-0.0053678458741739776
426
5.558613453555015
-0.005404632824632537
427
5.561506437005822
-0.00544026635667677
428
5.564361292376318
-0.005475362358842605
429
5.567302671870714
-0.005511442260797339
430
5.570139219230895
-0.005546153104995087
431
5.57293816791751
-0.005580321246168387
432
5.5758033497353185
-0.0056152047669358225
433
5.5785696349582485
-0.005648792490084273
434
5.581315067005228
-0.005682035659669425
435
5.5841254605208395
-0.005715966684843331
436
5.58683855016263
-0.005748626075302089
437
5.589530029148527
-0.00578092966158925
438
5.592282661765547
-0.005813865586290173
439
5.594938394872226
-0.005845541773837459
440
5.597574433989155
-0.005876883573173336
441
5.600290698211264
-0.005909074144399593
442
5.602897689717133
-0.005939873011647424
443
5.605504938054275
-0.005970570051396869
444
5.6081537459091395
-0.006001665436884691
445
5.610710472528272
-0.006031580108267413
446
5.613267581032324
-0.00606139611902751
447
5.615866062368167
-0.0060915897241976096
448
5.618373535492613
-0.00612061377995277
449
5.620861842958413
-0.00614930438892647
450
5.6234079229055345
-0.006178539182223485
451
5.625863929782191
-0.006206619742087466
452
5.628319676371583
-0.006234575296121364
453
5.630813635818764
-0.0062628404312690565
454
5.633219959625765
-0.006289974138187603
455
5.635608016972852
-0.006316760567945109
456
5.638067554708751
-0.006344194539576796
457
5.640427119379007
-0.006370393871290363
458
5.642763827850747
-0.006396243724353149
459
5.6451595053389445
-0.006422598377416748
460
5.647442207391851
-0.0064467031268748655
461
5.649668656478034
-0.006471730257525297
462
5.651954035549307
-0.006498251849188863
463
5.654203309678561
-0.006525554850764565
464
5.656462028486562
-0.006553480536796216
465
5.658777010570904
-0.00658185902456728
466
5.661011126409475
-0.006609003504009124
467
5.663227457935614
-0.006635682986967914
468
5.665495417103017
-0.006662715923340815
469
5.667684521071019
-0.006688541935663964
470
5.6698569784117065
-0.0067139035992623925
471
5.672080790376775
-0.006739577948140549
472
5.676358566713902
-0.00678812590807073
473
5.676358566713902
-0.00678812590807073
474
5.678554211191792
-0.0068126057527818544
475
5.68066033703406
-0.006835804079358923
476
5.68274968377601
-0.006858533499891698
477
5.684888556692631
-0.006881501909453862
478
5.686953669355404
-0.006903385039961679
479
5.689003421603818
-0.006924816277786921
480
5.691101811357535
-0.0069464516583598885
481
5.693127711316447
-0.0069670425100060935
482
5.695138290040148
-0.006987185143411021
483
5.697196173756184
-0.007007493410901457
484
5.699182463382464
-0.0070267945758698425
485
5.701153200281303
-0.007045648670994658
486
5.703169864594448
-0.00706463095704739
487
5.705116116894806
-0.007082647259562991
488
5.70704710051931
-0.007100224754204641
489
5.709023251829316
-0.0071179013134300625
490
5.710930656534864
-0.0071346640719445525
491
5.7128233607577545
-0.0071510097525778115
492
5.7147606283739005
-0.007167440773909173
493
5.716630662354135
-0.007183012172095211
494
5.718485891852888
-0.007198173420634697
495
5.7203828547533515
-0.007213372615392413
496
5.722210921192338
-0.007227716538979626
497
5.72402165547826
-0.007241621901325841
498
5.725887460776683
-0.007255627993924389
499
5.727674305399217
-0.007268733021011961
500
5.729461098929844
-0.007281525816299747
501
5.731277205058122
-0.007294210059477682
502
5.7330298433398275
-0.007306135474495408
503
5.734782170711864
-0.007317740503173911
504
5.736562988781497
-0.007329204917186738
505
5.7399871044381605
-0.007350270676419436
506
5.7399871044381605
-0.007350270676419436
507
5.741743646811362
-0.007360569881740073
508
5.743428729873861
-0.007370120715350604
509
5.74510036109092
-0.007379288896166023
510
5.746810741328925
-0.007388360165104392
511
5.748447525534854
-0.007396853645740356
512
5.751635531560203
-0.007415837811115775
513
5.751635531560203
-0.007415837811115775
514
5.753137272383305
-0.007421347869885392
515
5.754638502962957
-0.007428798098969644
516
5.7562321580127085
-0.007437417814126153
517
5.757837789055233
-0.007446923015412019
518
5.759439755930935
-0.007455993239316518
519
5.761078101519335
-0.007464917267649212
520
5.762657217308939
-0.0074731414446713
521
5.764222069770917
-0.007480913999411326
522
5.765821834189638
-0.007488462682457213
523
5.767364634122625
-0.007495356188406811
524
5.768894449396998
-0.007501807762827372
525
5.770459275144227
-0.007508003185789175
526
5.771969075162291
-0.007513587420733302
527
5.77346683464209
-0.007518737752860781
528
5.774999452507331
-0.0075235993415751785
529
5.776487132458557
-0.007527919100861428
530
5.777955350825051
-0.0075317935201931205
531
5.779455249943386
-0.007535345502326898
532
5.782339891530386
-0.0075410048194427415
533
5.782339891530386
-0.0075410048194427415
534
5.785240885567554
-0.007545123348355116
535
5.785240885567554
-0.007545123348355116
536
5.786661357661458
-0.007546557519683172
537
5.7894484173086065
-0.007548214017215447
538
5.7894484173086065
-0.007548214017215447
539
5.7908410323175605
-0.007548466668915179
540
5.792259264996956
-0.007548334282657876
541
5.793635895083303
-0.007547825346807228
542
5.795006437354459
-0.007546945042755452
543
5.796399568063656
-0.007545665255382933
544
5.79774342786498
-0.007544057832006832
545
5.799076660853153
-0.0075420984750476355
546
5.800441010310841
-0.0075397140482370605
547
5.80175780809498
-0.007537046361658565
548
5.803064389954386
-0.007534041692602538
549
5.804410728664897
-0.007530570668683941
550
5.805701721903203
-0.007526884700129735
551
5.806992831922313
-0.007522844555663645
552
5.808303560154379
-0.007518380701304132
553
5.8095679804518054
-0.007513722733973529
554
5.8108226837945365
-0.007508757455185942
555
5.812106945379539
-0.007503319059322411
556
5.813346665898576
-0.007497727763824301
557
5.814576923866125
-0.007491847337611391
558
5.8158361358906685
-0.007485483803186386
559
5.817051638740478
-0.007479010105067859
560
5.818267287637424
-0.007472212778199328
561
5.819502018020319
-0.007464986721846174
562
5.820700512311766
-0.007457649226514562
563
5.821892350868966
-0.007450049385827742
564
5.82310282417194
-0.0074420240517863645
565
5.82427099545273
-0.007433984191719992
566
5.825429914783808
-0.007425717732377842
567
5.826614501732356
-0.007416964695928705
568
5.828887309111254
-0.007399270114294516
569
5.830053160209646
-0.007389723693263161
570
5.830053160209646
-0.007389723693263161
571
5.831106093082809
-0.0073808339604406565
572
5.83217802068919
-0.007371457102209544
573
5.833319433484134
-0.007361129064008663
574
5.834424584122352
-0.0073508813976926445
575
5.835520881357277
-0.007340442662842902
576
5.8366421239487005
-0.007329477141376001
577
5.837723600332212
-0.007318620092806335
578
5.838796006103458
-0.007307583093865962
579
5.839892862733306
-0.007296009638487681
580
5.840950942514213
-0.007284569592637686
581
5.842000259564838
-0.007272970803812912
582
5.843073569289909
-0.0072608397509917886
583
5.844108750609989
-0.0072488816257596615
584
5.84513442020216
-0.0072367760996388695
585
5.846181316338563
-0.007224098589259458
586
5.847187973637312
-0.007211519735964713
587
5.848181664576198
-0.0071990734072714824
588
5.8491875422523565
-0.00718642582612067
589
5.850153335967173
-0.007174036514213115
590
5.851115753088479
-0.007161741888338269
591
5.85208716735616
-0.0071487704511213074
592
5.853009246043668
-0.007136477008959003
593
5.853935928339127
-0.007123783969253673
594
5.854894080973753
-0.007110457153873649
595
5.855822246846596
-0.007097147182104807
596
5.856740059824472
-0.007083378702774293
597
5.857669186340062
-0.007069258973217701
598
5.858569255213937
-0.007055337963709158
599
5.859490798396992
-0.007041206628078924
600
5.860434897969053
-0.007026411530222565
601
5.8613465805053355
-0.007012091267810133
602
5.86225074855857
-0.006997632190182087
603
5.863176683312633
-0.0069825623936065045
604
5.864070488204088
-0.006967853811350158
605
5.864957723012501
-0.006953064840563611
606
5.865865920101969
-0.006937727114169474
607
5.866747055089265
-0.006922668428994199
608
5.867617225981074
-0.006907656842347512
609
5.8685084575917825
-0.006892077783094103
610
5.869368877642234
-0.00687685635989215
611
5.870222798692872
-0.006861504510068974
612
5.871096871022385
-0.006845535349731543
613
5.8719406492783905
-0.006829922470106875
614
5.872784354348217
-0.006814118715758079
615
5.873641557571688
-0.00679786384045855
616
5.874468189172333
-0.006782001380165497
617
5.875288564569095
-0.006766077172784437
618
5.876128470111065
-0.006749586824982941
619
5.876939489591921
-0.006733484779811533
620
5.877744568074793
-0.006717328591627491
621
5.87856882686779
-0.006700610906139669
622
5.879364682311146
-0.00668430126044595
623
5.880154651718013
-0.006667951015316921
624
5.8809633899469524
-0.00665104723378865
625
5.881748421653122
-0.0066344806781687814
626
5.882523453769689
-0.0066179726874506205
627
5.883322027411493
-0.006600808074435582
628
5.88484805882863
-0.006567573662683608
629
5.88484805882863
-0.006567573662683608
630
5.885631354737994
-0.0065502986198175865
631
5.8863826569304605
-0.006533592106185393
632
5.887128882899877
-0.0065168691323962144
633
5.887892718560206
-0.006499619879837932
634
5.888629966425992
-0.006482846489818053
635
5.889367303262152
-0.006465950819638509
636
5.890115928472652
-0.006448673801273017
637
5.890837963487657
-0.006431896521630373
638
5.891554273303114
-0.006415143879923283
639
5.8922872318154775
-0.006397891812772382
640
5.89299451082822
-0.0063811405310167345
641
5.893696135832017
-0.00636442484563472
642
5.894413989289387
-0.006347222662673526
643
5.895106630523973
-0.00633053131002039
644
5.895799357897588
-0.00631374734462766
645
5.896502356372912
-0.006296622276215953
646
5.897184718686697
-0.006279915133032622
647
5.89786300443542
-0.006263224496960562
648
5.89855297277246
-0.006246163662406366
649
5.899218373432801
-0.006229635449669223
650
5.899883854879486
-0.006213033344436913
651
5.900559080202791
-0.006196114602925309
652
5.901214482633499
-0.006179626129289238
653
5.901860472999976
-0.006163309244075583
654
5.902521219151139
-0.0061465573370707875
655
5.9031589340695065
-0.0061303310093044185
656
5.90379175071393
-0.006114174730909812
657
5.90443945285656
-0.006097584047445127
658
5.905064680466445
-0.006081518676456582
659
5.90632028297424
-0.00604911423682945
660
5.90632028297424
-0.00604911423682945
661
5.906936806190625
-0.006033137620397199
662
5.907545326845668
-0.006017326923058988
663
5.908169384967946
-0.0060010732806933115
664
5.9087751784300195
-0.005985259373227962
665
5.909373007894067
-0.0059696191227124095
666
5.909984829495479
-0.005953580675340293
667
5.91057535663195
-0.005938071738406065
668
5.911161330287086
-0.00592265664772035
669
5.911761068086485
-0.005906854563546087
670
5.9123432443770065
-0.005891492566389619
671
5.912917779190656
-0.0058763124494616535
672
5.914073558155601
-0.005845723558206237
673
5.914073558155601
-0.005845723558206237
674
5.914641344044005
-0.005830673849787127
675
5.915218057222176
-0.005815371332136329
676
5.9157746593545895
-0.00580059042533523
677
5.916327016776728
-0.005785912677297182
678
5.91689236927665
-0.0057708810233056485
679
5.917438036840893
-0.005756365715778482
680
5.917983782085405
-0.005741843522553955
681
5.9185416334182905
-0.005726993711693763
682
5.919079263314309
-0.005712678457369151
683
5.91960915307089
-0.005698567589865407
684
5.920155145056896
-0.005684029117792336
685
5.920676739453357
-0.005670141654680796
686
5.921193067883406
-0.005656398017489254
687
5.9217200965646954
-0.005642374541619973
688
5.9222272991257325
-0.005628884570599483
689
5.922728926004946
-0.005615549881954598
690
5.923240583022196
-0.005601956911466164
691
5.923732676884415
-0.00558889278806183
692
5.92422482840319
-0.005575837441730842
693
5.92472035322275
-0.0055627032334658235
694
5.92519593192463
-0.005550109436626224
695
5.925665754713157
-0.005537680596106339
696
5.926149859775008
-0.005524887977026286
697
5.926610686604177
-0.005512724141977526
698
5.927066031372527
-0.005500719730952651
699
5.927530736722523
-0.005488484664620849
700
5.92798182423763
-0.005476624523906236
701
5.928429328406331
-0.0054648747496271405
702
5.928881380344162
-0.005453022857375787
703
5.929749413889637
-0.005430315397558779
704
5.929749413889637
-0.005430315397558779
705
5.930195166351259
-0.005418681663660424
706
5.930626878753734
-0.0054074320506017895
707
5.931058648006434
-0.005396199312639353
708
5.931501077515177
-0.005384708285819575
709
5.931930197814857
-0.005373581727493971
710
5.932357729223173
-0.005362515442991459
711
5.932798245625558
-0.005351133090253592
712
5.933223462346008
-0.005340165780705406
713
5.933646613618879
-0.005329271402271909
714
5.934080914927111
-0.005318110596546172
715
5.934501226877057
-0.0053073295050757455
716
5.934919348977462
-0.005296624631964706
717
5.935348262676518
-0.005285664425846505
718
5.935763150681753
-0.005275082994788933
719
5.936178043474033
-0.00526452162695732
720
5.93660104562946
-0.005253775374987705
721
5.937010762990712
-0.005243386663287721
722
5.93741800774531
-0.0052330803117980615
723
5.937835313236288
-0.005222539649737852
724
5.938238600928994
-0.005212373179465592
725
5.938641834612317
-0.005202226939360174
726
5.939052204931282
-0.005191921108548344
727
5.939448427751478
-0.005181988583821595
728
5.939841915476305
-0.005172141814081739
729
5.940247243572015
-0.005162015977663937
730
5.940636551478813
-0.00515230755099252
731
5.941022963320135
-0.005142686614414802
732
5.941420990112345
-0.005132791478345973
733
5.941803188106137
-0.005123305084517273
734
5.942182497770713
-0.005113903420344304
735
5.942570898306811
-0.005104289249730675
736
5.942947781557956
-0.005094973163199855
737
5.9433201738673676
-0.005085781893368944
738
5.943701828770536
-0.005076372146874957
739
5.94407216144717
-0.005067250413071912
740
5.944440614072254
-0.005058184330418206
741
5.944814973747355
-0.005048981827461381
742
5.945176223920813
-0.005040107340325467
743
5.945534785418813
-0.0050313042004906435
744
5.945901821098342
-0.005022297217169595
745
5.946256148160093
-0.005013605027321027
746
5.946607821543742
-0.005004979997802394
747
5.946970011274401
-0.0049960973398492205
748
5.947317510939212
-0.004987576032533979
749
5.947662337624456
-0.004979119040063134
750
5.948017528833786
-0.004970404927726336
751
5.948358172885437
-0.004962044773609261
752
5.948695820836616
-0.004953754442350679
753
5.949041505910637
-0.00494526105556739
754
5.949377017094571
-0.004937009466631216
755
5.949710490522309
-0.004928799307791257
756
5.9500516729478505
-0.004920392019622888
757
5.950379393567775
-0.004912307879399948
758
5.950704551768799
-0.0049042753255455224
759
5.951037362377562
-0.004896044856263187
760
5.951358541769688
-0.004888088012369852
761
5.9516774728901645
-0.004880171008818447
762
5.9520033598376605
-0.004872066851995807
763
5.952630215567753
-0.004856387713248629
764
5.952950108395587
-0.0048483417964862744
765
5.952950108395587
-0.0048483417964862744
766
5.9532399124070885
-0.004841050940726279
767
5.953530238020731
-0.004833676366067139
768
5.953822144139934
-0.004826309849500894
769
5.954094916650807
-0.004819512167908473
770
5.954358441639421
-0.0048130506540078515
771
5.954630052489673
-0.004806448496623506
772
5.954898089023826
-0.0048000826557135085
773
5.955174611507609
-0.00479364889150587
774
5.955471771268945
-0.004786850600450507
775
5.955775406129101
-0.004779763201932412
776
5.956075943149538
-0.004772818302428229
777
5.95638056111734
-0.00476579532494121
778
5.956678155397484
-0.004758869441638431
779
5.9569694129070285
-0.004752053252473198
780
5.957259066130849
-0.00474535933920477
781
5.957541716431905
-0.0047386796477692375
782
5.957829226619228
-0.004731690585762823
783
5.958117775803744
-0.004724726136515155
784
5.958387184945682
-0.004718252422415783
785
5.958654170228163
-0.004711801886063225
786
5.958932734380838
-0.004705019459367816
787
5.9592084703716095
-0.004698321571216612
788
5.9594873912804
-0.004691422587913729
789
5.959770395786041
-0.004684513024082408
790
5.9600393879426425
-0.004678061450373238
791
5.9603031269175295
-0.004671692790408474
792
5.9605710715612625
-0.0046651049352217965
793
5.960826565336407
-0.0046586995450958865
794
5.961077146094181
-0.004652347291293382
795
5.961330113307216
-0.0046458540287153734
796
5.96157289723723
-0.0046395257749259865
797
5.9618183539546505
-0.004633028734255823
798
5.962079066722256
-0.004626130890014387
799
5.96233573245091
-0.004619310500900528
800
5.962584746388424
-0.004612586066396999
801
5.962832290857689
-0.004605694605157793
802
5.963076245006135
-0.004598895641941337
803
5.963322836628447
-0.0045919973723924585
804
5.963569317701022
-0.004584977016382655
805
5.963808077009701
-0.004578099551301569
806
5.964047062989153
-0.0045711688621622015
807
5.964288914469135
-0.004564040260278926
808
5.964524034389191
-0.0045570544066280425
809
5.9647560101802855
-0.004550066312369697
810
5.964994252214376
-0.0045428148605851535
811
5.965224938251151
-0.004535701657351027
812
5.965452443907872
-0.004528610445596825
813
5.965685230434733
-0.004521267833910942
814
5.965909240699338
-0.004514111358024533
815
5.966131541399826
-0.004506928205220628
816
5.966358595412464
-0.004499499790515202
817
5.9665771245330665
-0.004492261853974805
818
5.96679302814773
-0.004485024034637122
819
5.967012754751089
-0.004477567099980286
820
5.967223380772693
-0.004470329776091083
821
5.967430828876346
-0.004463113430299084
822
5.967641772404445
-0.004455683094904348
823
5.967844214456942
-0.0044484610551789846
824
5.968044110518023
-0.004441239514551382
825
5.96824808512938
-0.004433775518409103
826
5.968444719443265
-0.004426486169197806
827
5.968639974317516
-0.004419154731194657
828
5.968840439482891
-0.004411529106194371
829
5.969034969831046
-0.004404031614192451
830
5.969229537235854
-0.004396436850513616
831
5.96942996605692
-0.0043885118736895126
832
5.969624338512207
-0.0043807284858472595
833
5.969818089841555
-0.004372873293449259
834
5.970017057805373
-0.00436470571317982
835
5.970209720098316
-0.004356697868264995
836
5.970401391648688
-0.004348635417884137
837
5.970598020259677
-0.004340262917597311
838
5.970788166087669
-0.004332066979148248
839
5.970977187101149
-0.004323822167972389
840
5.971170919950142
-0.004315269591250436
841
5.971358138689495
-0.004306904739155828
842
5.971545331972468
-0.004298441182613225
843
5.971736937542498
-0.004289676119999327
844
5.97192182294816
-0.00428111874221264
845
5.972104476392655
-0.004272568739782174
846
5.972292601024678
-0.004263657519349354
847
5.972473561641619
-0.004254987368893103
848
5.972653044918275
-0.004246290243730828
849
5.972836768779427
-0.004237284979559615
850
5.973014028214485
-0.004228496886576952
851
5.973189763871433
-0.004219687167357982
852
5.9733707817249835
-0.004210507913143601
853
5.973543482491219
-0.004201655145685329
854
5.973716098203506
-0.0041927063376894416
855
5.973890276775868
-0.004183578540786914
856
5.97405795025888
-0.004174693647585228
857
5.9742239316431185
-0.004165804012919009
858
5.974393384402884
-0.00415663002866925
859
5.974556542239819
-0.004147701983702988
860
5.974718075173019
-0.004138770610821911
861
5.975043387249222
-0.004120500644143087
862
5.975043387249222
-0.004120500644143087
863
5.975202248569363
-0.004111439516495018
864
5.975353991771359
-0.004102706651046275
865
5.975508891570774
-0.004093691228292145
866
5.975663424053023
-0.004084609518637772
867
5.975821404350163
-0.004075232197999999
868
5.975974719763572
-0.0040660410908454885
869
5.976125740141212
-0.004056901899787876
870
5.976280078451584
-0.004047471570762923
871
5.976428842700644
-0.004038294840320983
872
5.976576100102943
-0.004029126586413061
873
5.976726228788849
-0.004019692096701168
874
5.976870428894318
-0.004010546212895402
875
5.9770128847512005
-0.00400142944284149
876
5.977158388352451
-0.00399203251863613
877
5.9772989632198215
-0.003982871124459854
878
5.977439527078123
-0.003973628163752477
879
5.977582968464035
-0.003964112164485043
880
5.977721667299533
-0.003954828848222021
881
5.977859551610057
-0.003945520094206364
882
5.978000895379888
-0.00393589440660427
883
5.9781375149006335
-0.003926509704797081
884
5.978273271287481
-0.003917105514889253
885
5.978412377284753
-0.003907387172275742
886
5.978680322204707
-0.0038884317643962975
887
5.978680322204707
-0.0038884317643962975
888
5.9788178914055745
-0.0038785774351009746
889
5.978950110308594
-0.003869028814587114
890
5.979082314356655
-0.0038594034946940587
891
5.9792171000232095
-0.003849511204964551
892
5.979347368930122
-0.003839873187521933
893
5.979476860554055
-0.00383021723114552
894
5.979609629906968
-0.0038202381427833282
895
5.979738486663484
-0.0038104760143449616
896
5.979866145948435
-0.0038007306157856724
897
5.979997057961229
-0.003790659195019259
898
5.980123659247075
-0.003780844032262825
899
5.980249532363107
-0.0037710117737787103
900
5.980378589497925
-0.003760854105134439
901
5.9805033602304585
-0.003750959486792621
902
5.980627362962057
-0.0037410533048839686
903
5.980754436510806
-0.003730826283741589
904
5.980999010109411
-0.0037109260890315033
905
5.980999010109411
-0.0037109260890315033
906
5.981124517058246
-0.003700601800204846
907
5.9812448206896836
-0.0036906349135431876
908
5.981364152480229
-0.0036806790313635034
909
5.981486213674773
-0.0036704230283858214
910
5.9816039647289365
-0.0036604591585356833
911
5.9817207620545725
-0.003650507759636737
912
5.981841090031012
-0.0036401831224547178
913
5.981956566359695
-0.003630205172871048
914
5.982071182741101
-0.0036202348902640183
915
5.982188597609525
-0.003609951721904416
916
5.982302048486842
-0.003599948752181318
917
5.982414724947162
-0.0035899495798569956
918
5.982530138611882
-0.0035796407218061837
919
5.9826416344936
-0.0035696174514607067
920
5.982752367294014
-0.0035596008878200883
921
5.982975407632702
-0.003539237508507348
922
5.982975407632702
-0.003539237508507348
923
5.983085004913953
-0.0035291404679870042
924
5.983196497284156
-0.0035188066504813985
925
5.983304409315205
-0.0035087451966126343
926
5.9834115658188995
-0.0034986975949635206
927
5.983521301104117
-0.003488349736819426
928
5.983627282972573
-0.003478299627186331
929
5.9837332614153125
-0.0034681959370460713
930
5.983841007913026
-0.0034578669969163043
931
5.983945053041525
-0.003447839612318809
932
5.984049094408906
-0.0034377615349091882
933
5.984154879083198
-0.0034274605908355136
934
5.984257026309917
-0.0034174633608596394
935
5.984358462923243
-0.003407487153056024
936
5.984462339947814
-0.0033972210070135752
937
5.984562671092636
-0.003387257429073294
938
5.984662283760492
-0.003377319500908265
939
5.984764288797913
-0.0033670958802728993
940
5.984862805544276
-0.003357176847717616
941
5.984961320285408
-0.003347215618604996
942
5.985061474905238
-0.00333704277471353
943
5.985158678493793
-0.0033271287445823107
944
5.985254671775302
-0.00331729584791322
945
5.985353164207456
-0.0033071654157079524
946
5.985448281840115
-0.0032973427938819432
947
5.985542684145568
-0.0032875567259154316
948
5.985639321508688
-0.0032775007325052813
949
5.985732624244547
-0.0032677552979451215
950
5.985825926090543
-0.003257976375634144
951
5.985920730308802
-0.0032480025063566097
952
5.986012223677129
-0.003238343652846576
953
5.986103045803523
-0.0032287237946221512
954
5.986196047411783
-0.003218840502141218
955
5.986285871039266
-0.0032092640051907223
956
5.986375054160791
-0.0031997266293808785
957
5.9864663881119204
-0.003189929565957195
958
5.986554608931682
-0.0031804382876985766
959
5.986642835341282
-0.0031709214741473773
960
5.986732555847503
-0.003161213725360764
961
5.986819372530297
-0.0031517946920491995
962
5.986905681792134
-0.003142406782205423
963
5.986994060535067
-0.003132769762140921
964
5.987079400712428
-0.003123441446467835
965
5.987164115175506
-0.0031141604588531572
966
5.9872508558374955
-0.003104636179900643
967
5.987334623860993
-0.003095418319202303
968
5.9874177886460656
-0.0030862482774751594
969
5.987502952356996
-0.003076839188649759
970
5.987585205499737
-0.0030677338147700453
971
5.987666875515629
-0.0030586717568113863
972
5.987750518131062
-0.003049366230059897
973
5.987831267306419
-0.0030403875158659453
974
5.98791130403323
-0.003031608550625582
975
5.987993775487652
-0.0030224541287791184
976
5.988072778072643
-0.0030137119685840616
977
5.9881512729017246
-0.0030049043887732814
978
5.988231686740634
-0.0029958830145056818
979
5.988309383398849
-0.002987164875897931
980
5.988386553792491
-0.0029785070440716418
981
5.98846560650639
-0.002969630504514963
982
5.988541978426143
-0.002961047386717327
983
5.988617827137062
-0.002952516740312227
984
5.988695520356353
-0.0029437727410714307
985
5.988770936214096
-0.0029352845792911114
986
5.988845999456448
-0.0029268284164985217
987
5.988922887559801
-0.002918162350070687
988
5.988996670013484
-0.00290983898214576
989
5.989069887373812
-0.002901580782866719
990
5.989144849597117
-0.0028931282988734867
991
5.98921724477146
-0.002884967718011943
992
5.989289648907426
-0.0028768103057790536
993
5.9893632614807135
-0.0028685169958777524
994
5.989434343072851
-0.0028605147012936015
995
5.989504917581189
-0.002852574587958035
996
5.989577190882482
-0.0028444494123157837
997
5.989646994107461
-0.0028366082495336156
998
5.989716305117713
-0.002828829050493852
999
5.989787286807658
-0.0028208695867056313
1000
5.98985583512736
-0.002813194662873934
1001
5.989923886752105
-0.0028055856447566758
1002
5.989994014072238
-0.0027977562054607966
1003
5.990061296561848
-0.002790252060528832
1004
5.990128586451789
-0.0027827606865210913
1005
5.990196986151234
-0.0027751560081828715
1006
5.990263004129404
-0.0027678301724298783
1007
5.990328550651972
-0.002760570071845577
1008
5.9903956744661535
-0.0027531500438369226
1009
5.990460499713643
-0.0027459989669928017
1010
5.990525338550752
-0.002738862164687114
1011
5.9905916738311165
-0.002731575536679356
1012
5.990655307206655
-0.002724601008386824
1013
5.990718531712518
-0.002717689007764775
1014
5.990783282842099
-0.002710628304942033
1015
5.990845814267796
-0.0027038277786755214
1016
5.990971474738808
-0.0026902186291147675
1017
5.990971474738808
-0.0026902186291147675
1018
5.991033196976488
-0.0026835634864209386
1019
5.991094226015138
-0.0026769930235138843
1020
5.9911568092526775
-0.002670265683610187
1021
5.991217309960023
-0.00266377381609137
1022
5.991277423056862
-0.0026573367094424286
1023
5.991339012319686
-0.002650756675626232
1024
5.991398822006545
-0.0026443859452461435
1025
5.991457912621348
-0.0026381039100671125
1026
5.9915184119495715
-0.0026316898587155986
1027
5.991576838105267
-0.002625513765205587
1028
5.991634853885121
-0.002619398925260762
1029
5.99169426462298
-0.002613156597922983
1030
5.991751630380097
-0.0026071490271459183
1031
5.991866895454538
-0.0025951388051676924
1032
5.991866895454538
-0.0025951388051676924
1033
5.991923507050488
-0.0025892740871590967
1034
5.9919794741290895
-0.00258349374662341
1035
5.992036752440209
-0.002577599980792888
1036
5.992092042050188
-0.0025719328955720526
1037
5.9921469197642745
-0.00256632964695915
1038
5.992203095488299
-0.0025606171465455264
1039
5.992257321796839
-0.0025551259301991734
1040
5.992311145815033
-0.0025496976569493253
1041
5.992366243723545
-0.002544164444365586
1042
5.992419429457261
-0.002538846325125653
1043
5.99247222017135
-0.0025335898451952447
1044
5.992526317467015
-0.0025282274810289372
1045
5.992578533677262
-0.002523075081406106
1046
5.992630350316401
-0.002517984554243546
1047
5.992683383027284
-0.0025127986505878237
1048
5.99273486423168
-0.0025077915535936792
1049
5.992785667392111
-0.002502870048030334
1050
5.992837651890464
-0.002497858602044743
1051
5.992887830390208
-0.0024930460932326166
1052
5.992937638578613
-0.002488292943983519
1053
5.9929886104356305
-0.002483455501094457
1054
5.993037794494924
-0.002478814362320353
1055
5.99308663768372
-0.002474231257857355
1056
5.993136621264008
-0.0024695680506050246
1057
5.993184854205965
-0.0024650942370535414
1058
5.993232709919024
-0.002460680532389058
1059
5.993281683521241
-0.0024561900063555385
1060
5.993328948452109
-0.0024518816147366582
1061
5.993375850177348
-0.0024476308687431106
1062
5.993423853067068
-0.0024433060190685307
1063
5.993470185625954
-0.002439156561563332
1064
5.993516165840957
-0.0024350626483561058
1065
5.993563228640367
-0.0024308974775042284
1066
5.993608656218716
-0.002426901405194035
1067
5.993653740227297
-0.0024229590391254075
1068
5.993699887143923
-0.002418948336669063
1069
5.993744683237933
-0.002415079948406817
1070
5.993789235207543
-0.0024112561694551136
1071
5.993834470608387
-0.002407396672437372
1072
5.993878111150135
-0.0024036967503350427
1073
5.99392142281884
-0.0024000473034658503
1074
5.993966052959271
-0.002396311624811232
1075
5.994008854340354
-0.0023927509181800766
1076
5.994051660402537
-0.0023892133821783027
1077
5.994095177315356
-0.0023856391083110955
1078
5.994137158079993
-0.0023822135234445475
1079
5.994178814852845
-0.002378835999642329
1080
5.994221447276789
-0.0023754020330440913
1081
5.994262591036126
-0.0023721099692150826
1082
5.994303414074827
-0.002368864698148711
1083
5.994345187292094
-0.0023655660367557004
1084
5.994385495287745
-0.0023624045495967676
1085
5.994425482952754
-0.002359288872202049
1086
5.994466394415723
-0.002356121698239058
1087
5.994505863655414
-0.002353086912791769
1088
5.994545011774492
-0.002350097230320285
1089
5.994585057221596
-0.0023470604048636276
1090
5.994623684286318
-0.002344151899939105
1091
5.994661990759758
-0.0023412874522277345
1092
5.994701168641411
-0.0023383787023089934
1093
5.994738934131423
-0.0023355950208267025
1094
5.994776342344125
-0.0023328569677149003
1095
5.994814526232268
-0.0023300828740174507
1096
5.994851255630321
-0.0023274348181002835
1097
5.994887989179354
-0.002324806459915622
1098
5.994925013920506
-0.002322176184651906
1099
5.9949606169522225
-0.0023196666176872097
1100
5.9949962239506025
-0.0023171757824250443
1101
5.995032467157292
-0.002314659006989182
1102
5.995067242619108
-0.0023122622333268256
1103
5.995101184986394
-0.0023099394995414538
