1
0.0
0.0
2
0.0
0.0
3
0.0
0.0
4
0.0
0.0
5
0.0
0.0
6
0.0
0.0
7
0.0
0.0
8
0.0
0.0
9
0.0
0.0
10
0.0
0.0
11
0.0
0.0
12
0.0
0.0
13
11.999982392703687
-3.975906248638153e-08
14
11.999982392703687
-3.975906248638153e-08
15
11.99998209239226
-4.547551863770861e-08
16
11.99944437958346
-6.49189463701982e-08
17
11.997866043055863
-8.192828611163801e-08
18
11.995143698279685
2.5791000666738274e-07
19
11.991450654733198
1.73868276573305e-07
20
11.986787274938978
1.5991755122561308e-07
21
11.981674556482025
2.2960975492664114e-07
22
11.976721382198157
4.2806964667194645e-07
23
11.971767426813175
5.290132987843853e-07
24
11.96666331072241
5.662877358573257e-07
25
11.961710170991221
5.622645697055719e-07
26
11.956758610594095
4.4231842399139235e-07
27
11.951664301131807
3.67780360538937e-08
28
11.946766181826641
6.152760934768601e-07
29
11.94184418389358
9.069793057073413e-07
30
11.93674823869182
8.170870889026785e-07
31
11.931803528089423
8.027534926689188e-07
32
11.926859110562706
8.852497281179212e-07
33
11.921764187385216
1.0160042767707294e-06
34
11.91681827605301
1.1917793006363179e-06
35
11.911871488521838
1.4058887746527675e-06
36
11.906773879669363
1.6514920089805563e-06
37
11.901825313139426
1.9003938687239962e-06
38
11.896875879643405
2.149869623532213e-06
39
11.891775576078876
2.41078120838289e-06
40
11.886824447010506
2.673958254702235e-06
41
11.881872516346421
2.91973166767921e-06
42
11.876769707845714
3.155567568137351e-06
43
11.871816218033475
3.362365162939102e-06
44
11.86686210212005
3.5420768703703432e-06
45
11.861758145861742
3.662816818955573e-06
46
11.85680529209667
3.7433702534767097e-06
47
11.851854471017372
3.6479306938280667e-06
48
11.846766950141442
3.2123779293915196e-06
49
11.841877607138901
4.246176630900329e-06
50
11.836940062490802
4.516950744107681e-06
51
11.83184523597731
4.363107940026132e-06
52
11.826900692228119
4.4485224433277146e-06
53
11.821956161544357
4.596991826654895e-06
54
11.816861022409002
4.798571450014409e-06
55
11.811914879744126
5.041871443088966e-06
56
11.806967858658549
5.3198438807970786e-06
57
11.801870009649214
5.628700435065569e-06
58
11.7969212111501
5.936071212021166e-06
59
11.791971549963629
6.240864327555723e-06
60
11.78687101515878
6.552058684718444e-06
61
11.781919662784016
6.862450653148308e-06
62
11.776967514502484
7.1532364527981685e-06
63
11.77186448220178
7.431154394897177e-06
64
11.766910795234663
7.674551886052767e-06
65
11.761956619667567
7.879341756685524e-06
66
11.756852863733645
8.027268094963135e-06
67
11.751900371834461
8.123297183966216e-06
68
11.746950728050365
7.99733403767691e-06
69
11.74187506112286
7.976015760299891e-06
70
11.736983449186814
8.829222433330326e-06
71
11.732037605698526
8.91179232562812e-06
72
11.72694238413301
8.897876072097306e-06
73
11.72199796092741
9.048294846485469e-06
74
11.71705325573277
9.241861707661848e-06
75
11.711957893883287
9.492256816034767e-06
76
11.707011520363144
9.780935599962788e-06
77
11.70206426807526
1.0100542709346032e-05
78
11.696966182461036
1.0448593505812417e-05
79
11.692017155602864
1.0792726690898812e-05
80
11.687067270966889
1.1130040311268548e-05
81
11.681966509520818
1.1473591071492439e-05
82
11.677014941005288
1.1811173327514387e-05
83
11.672062579424027
1.2127609089990348e-05
84
11.666959332744282
1.242823589184075e-05
85
11.662005462908589
1.2690982921935056e-05
86
11.657051317820605
1.2903206784662046e-05
87
11.651947801864754
1.3065678069063967e-05
88
11.646995759670924
1.3140761324461438e-05
89
11.64204817154152
1.2978693474008483e-05
90
11.63698885636959
1.33551167813003e-05
91
11.632082467694795
1.401920116065624e-05
92
11.627134031648222
1.4071299154180546e-05
93
11.622039319900027
1.4041164562439806e-05
94
11.617094937425028
1.4205671518434616e-05
95
11.612150031708895
1.4413111073036303e-05
96
11.607054438830248
1.4679138327755886e-05
97
11.602107831210212
1.4980301170660236e-05
98
11.597160345279848
1.5309084258216136e-05
99
11.592062020294655
1.566310574078224e-05
100
11.587112763246292
1.60110572801962e-05
101
11.582162653397567
1.6348386698428236e-05
102
11.577061664705175
1.6698880539330464e-05
103
11.572109881488593
1.7034679150207528e-05
104
11.56715730925123
1.7349591782073133e-05
105
11.56205385570519
1.7645559843440325e-05
106
11.557099817815113
1.7903403607271168e-05
107
11.552145798985377
1.810003992762781e-05
108
11.542091114022927
1.827627543389219e-05
109
11.542091114022927
1.827627543389219e-05
110
11.5371473860838
1.80180112077873e-05
111
11.527176528210562
1.917394699746532e-05
112
11.527176528210562
1.917394699746532e-05
113
11.52223094293784
1.9140609370441002e-05
114
11.517136424148314
1.927112675909663e-05
115
11.512191989424686
1.9462447094290624e-05
116
11.507246884528614
1.9699502114422847e-05
117
11.502151059333315
1.9995857869937967e-05
118
11.497204221471844
2.0323502951193875e-05
119
11.492256505980048
2.0676670765005795e-05
120
11.487157946237184
2.1053291539891712e-05
121
11.477258135110297
2.1775919028396252e-05
122
11.477258135110297
2.1775919028396252e-05
123
11.472156923466956
2.2144331264641023e-05
124
11.46720492764195
2.2493629280534605e-05
125
11.462252142691353
2.2820574648454335e-05
126
11.457419406545128
2.3179853940571103e-05
127
11.453041301369938
2.347352555708689e-05
128
11.448972554189158
2.3713958528577188e-05
129
11.445080902811291
2.3883928637945233e-05
130
11.441565349409359
2.4214777094783957e-05
131
11.438306292236023
2.452382600162187e-05
132
11.435173478353867
2.5035791358538784e-05
133
11.432279471214821
2.8440938978077436e-05
134
11.429476414820924
3.265137599759813e-05
135
11.42674753270408
2.9987312555880367e-05
136
11.424335986609254
2.8687487130819604e-05
137
11.422230514922397
2.8133408084121e-05
138
11.42038940859275
2.7889988374623465e-05
139
11.418765713524335
2.7823219677928407e-05
140
11.417288530961574
2.776415199641734e-05
141
11.415901068921801
2.7729240887539738e-05
142
11.414673583342186
2.77367593416737e-05
143
11.413561120891453
2.776526138297129e-05
144
11.412526628028914
2.7814518257426122e-05
145
11.411624227265813
2.7881099406230968e-05
146
11.41082054195609
2.796461815019583e-05
147
11.410088996642218
2.806891271139753e-05
148
11.409467111923405
2.8187171443701263e-05
149
11.408930780306555
2.832124569472464e-05
150
11.408462570728762
2.8474735923108686e-05
151
11.40801029368908
2.8658325895337323e-05
152
11.407698149324874
2.8825218092114724e-05
153
11.40746613484159
2.901348566886717e-05
154
11.407310504492866
2.9216153573126742e-05
155
11.407221681585696
2.9452094627212704e-05
156
11.407131757635023
2.9736217475040066e-05
157
11.407163523950459
2.979002932820131e-05
158
11.407259595904494
2.966360942677563e-05
159
11.407359891197975
2.9469843442050227e-05
160
11.407812617312999
2.7760005694535452e-05
161
11.407812617312999
2.7760005694535452e-05
162
11.408077392232203
2.662717126010646e-05
163
11.408425613781786
2.5000753189132893e-05
164
11.408826256766485
2.303417475621811e-05
165
11.409285920425805
2.0672464599426437e-05
166
11.409773512431375
1.8064731356810916e-05
167
11.410299981878671
1.5146333476603414e-05
168
11.410884074087077
1.1797597003066109e-05
169
11.411488092902124
8.22579234043087e-06
170
11.41209238789414
4.547565890845521e-06
171
11.41278365100417
2.2019534918736537e-07
172
11.41348881882694
-4.308748216692376e-06
173
11.414219992067764
-9.120572647110534e-06
174
11.41500315947313
-1.4398871658297643e-05
175
11.415791595107466
-1.9836453058276816e-05
176
11.41660709409053
-2.5585738880504994e-05
177
11.41747986568591
-3.1873289220021465e-05
178
11.418355736839906
-3.831883145637124e-05
179
11.419257464710936
-4.5090132461903205e-05
180
11.42021628442728
-5.243584400969427e-05
181
11.421172403164137
-5.9905729939145765e-05
182
11.422151122095778
-6.76954444630774e-05
183
11.423186342321893
-7.60656115222547e-05
184
11.424214250867893
-8.461197474082216e-05
185
11.425261977659359
-9.34414882391081e-05
186
11.426365080911498
-0.00010289157533752808
187
11.427450708904596
-0.00011229850602082877
188
11.42855648511677
-0.00012208956574134063
189
11.429699256058758
-0.00013245611547676295
190
11.430784613819604
-0.00014269393299656423
191
11.431819687421445
-0.00014985228976204329
192
11.432847296436448
-0.00015923366490165253
193
11.433841761802237
-0.00016688832087911992
194
11.434867725222935
-0.00017545024170294798
195
11.435991814397171
-0.00018546981260121378
196
11.437181365805369
-0.00019677444376046613
197
11.438469697749188
-0.00020970242783498725
198
11.439839116265327
-0.0002239296943146352
199
11.441181862836844
-0.00023797955048769181
200
11.442530422494277
-0.00025240818996255705
201
11.443919659406074
-0.00026745041115906114
202
11.445285874973884
-0.00028245581381130765
203
11.446657756869937
-0.0002977261988980593
204
11.448081846836457
-0.00031379924536050787
205
11.44947169931
-0.00032969345667900374
206
11.450866285616144
-0.00034585603105812825
207
11.452313819283674
-0.00036285858195128423
208
11.453726061777076
-0.00037966371518954813
209
11.455141624249611
-0.0003967237520920261
210
11.456607234118781
-0.0004146142951478422
211
11.458034324048771
-0.000432253727301764
212
11.459463644572278
-0.0004501398344672556
213
11.46094640940044
-0.00046891992675570174
214
11.46239327191674
-0.00048746615666261104
215
11.463844570383653
-0.0005062901840412139
216
11.465350238835448
-0.0005260555925005171
217
11.466818673780335
-0.0005455596623818662
218
11.468290756535469
-0.0005653388745968016
219
11.469807733003346
-0.0005859650529775782
220
11.472786528926498
-0.0006271996724450908
221
11.472786528926498
-0.0006271996724450908
222
11.47432312986304
-0.0006488443691000378
223
11.475828455512865
-0.0006703016830084369
224
11.477336570442992
-0.0006920440752331202
225
11.47889871518421
-0.000714827107588512
226
11.480419947156815
-0.0007372670781133969
227
11.481942782336231
-0.0007599815887074167
228
11.48351956941675
-0.0007837661635201108
229
11.485054565434897
-0.000807178050069194
230
11.486590709593159
-0.0008308619296565214
231
11.488180800004228
-0.0008556457638700941
232
11.489724448742313
-0.0008799657258988755
233
11.491272697529096
-0.000904615885366273
234
11.492875197899256
-0.0009303998994079994
235
11.49443440991071
-0.0009557507865931878
236
11.495993945126749
-0.0009813651035530165
237
11.497607344959713
-0.0010081352374627646
238
11.499176678863643
-0.0010344365434829758
239
11.500745873288986
-0.0010609930868950301
240
11.502368759270183
-0.0010887276069254472
241
11.50394648720292
-0.0011159514806525802
242
11.507147833067597
-0.0011719743413313246
243
11.507147833067597
-0.0011719743413313246
244
11.510304262250907
-0.0012282292788245049
245
11.510304262250907
-0.0012282292788245049
246
11.511930109463579
-0.0012575961901148168
247
11.513516507245818
-0.0012864980847443986
248
11.515102383547617
-0.0013156273638067575
249
11.516741670027981
-0.0013459822953017814
250
11.51992670289781
-0.0014056533658190033
251
11.51992670289781
-0.0014056533658190033
252
11.521566356116477
-0.0014367205886931522
253
11.523164726393713
-0.0014672286302637376
254
11.52476190374703
-0.0014979321501798152
255
11.526406892703655
-0.0015297938243832893
256
11.528010604297156
-0.0015610469248294669
257
11.529611032895772
-0.001592306500648716
258
11.531261080157273
-0.001624710199756652
259
11.532855970320364
-0.0016520689935311521
260
11.534418141608361
-0.0016756784530751678
261
11.535996900922594
-0.0017095699393573586
262
11.537526776977721
-0.0017412518664060032
263
11.539096230985866
-0.0017747052061294305
264
11.540744500983475
-0.0018107939702670065
265
11.54235147930392
-0.0018468940689046543
266
11.543978307762606
-0.001883888260183579
267
11.545661253374309
-0.00192226789900009
268
11.547295113264553
-0.0019596496865090253
269
11.550607879662254
-0.002035789469165512
270
11.550607879662254
-0.002035789469165512
271
11.552240896818152
-0.002073483610418677
272
11.55387080293934
-0.002111205874703233
273
11.555552491351063
-0.0021502206336565257
274
11.557182532251536
-0.0021881235740633847
275
11.558807858203473
-0.0022259973224478635
276
11.560482654420557
-0.002265106706593259
277
11.562112574650861
-0.0023032426285504565
278
11.563740481707388
-0.002341396952819778
279
11.56542201246341
-0.0023808725090271117
280
11.567055248739711
-0.002419271288505094
281
11.56868609348376
-0.002457664348276452
282
11.570366644891324
-0.0024972754757177315
283
11.57200251147302
-0.002535880044578107
284
11.573636073851544
-0.0025744673244435415
285
11.57532312385588
-0.002614351585833678
286
11.576961438965228
-0.0026531109310316556
287
11.578597089740958
-0.0026918280994904526
288
11.580286225147479
-0.0027318268821979476
289
11.581926526374101
-0.0027706796144197363
290
11.583564126835103
-0.0028094737194757405
291
11.585251629461034
-0.002849451347772988
292
11.5868937913481
-0.002888352725184717
293
11.588533479484013
-0.0029271833916338906
294
11.590226717442645
-0.002967263410772154
295
11.591870933961186
-0.003006159155612356
296
11.593512384744976
-0.00304496024936543
297
11.595207425032825
-0.0030849942643185677
298
11.596853367671889
-0.00312383103250247
299
11.598496491463411
-0.003162560327989724
300
11.60019314409192
-0.0032024997957250455
301
11.601840518076013
-0.0032412234205226945
302
11.603484888775943
-0.003279814363648044
303
11.605182501709775
-0.0033195820846807496
304
11.608470775245644
-0.003396376626406741
305
11.610161972763773
-0.0034357379894854804
306
11.610161972763773
-0.0034357379894854804
307
11.611702685039889
-0.003471515537823246
308
11.61333590460431
-0.0035093681679321423
309
11.615036221266049
-0.0035486824485872134
310
11.618335233912978
-0.0036245863580360044
311
11.618335233912978
-0.0036245863580360044
312
11.620032558959906
-0.0036634233732698585
313
11.62168258563436
-0.0037010311130625333
314
11.62332903459782
-0.0037383979029432224
315
11.625024962377859
-0.0037767094820655347
316
11.62667381077137
-0.00381377942701399
317
11.628319152514381
-0.003850588868985591
318
11.630017238806694
-0.003888382028984586
319
11.63166478881696
-0.003924843718414106
320
11.633308747859923
-0.003960829128970254
321
11.634999287088219
-0.003997608027312048
322
11.636626306712143
-0.0040254012170540055
323
11.638216000254344
-0.004048501517888002
324
11.639824622753745
-0.004085276505668564
325
11.641396002520617
-0.004120506849769954
326
11.643000783134596
-0.004157412771720832
327
11.644658517291443
-0.004196723830273902
328
11.646291120900104
-0.00423626909495982
329
11.647950862536272
-0.004276470986319843
330
11.649665898641752
-0.004317644617227955
331
11.651329398223666
-0.004357237144674517
332
11.652987888533119
-0.004396366291395296
333
11.65469840037142
-0.004436354066185933
334
11.656357639993862
-0.004474777830515129
335
11.658012221917044
-0.004512725336050096
336
11.65971750375856
-0.004551442978176601
337
11.661369994435052
-0.004588574004933135
338
11.663018607935234
-0.004625229410421124
339
11.664720445116226
-0.0046626531794179416
340
11.66637253157982
-0.004698573485017445
341
11.668021369679138
-0.004734013954448121
342
11.669723557911801
-0.004770165419810324
343
11.671376023960713
-0.00480483119867512
344
11.673025269338615
-0.00483900074709484
345
11.674727855888023
-0.0048738189134120875
346
11.676380631650549
-0.004907169915791503
347
11.678030113188347
-0.0049400065738980274
348
11.679732930770209
-0.004973427941379893
349
11.681385979632191
-0.005005404300979338
350
11.683039316125104
-0.0050369215591783995
351
11.684742555679252
-0.005068901109269388
352
11.686395809909367
-0.00509945777985525
353
11.688045868916062
-0.005129472312318741
354
11.689749404046422
-0.005159947473152959
355
11.69140326129356
-0.0051890326820411775
356
11.693053982501743
-0.005217564989732089
357
11.694758234863727
-0.005246494917484937
358
11.696412813615678
-0.005274065479880561
359
11.698064278285344
-0.005301071711294768
360
11.699769297841804
-0.005328414381166965
361
11.701424554619797
-0.005354434881475231
362
11.703076614085603
-0.005379887889335183
363
11.704782162507245
-0.005405614727179484
364
11.706437895951348
-0.00543005417540044
365
11.708090325566399
-0.0054539255387919035
366
11.709795976653199
-0.005478022178227114
367
11.711450666350155
-0.005500884271409693
368
11.713100279742532
-0.005523157354316243
369
11.714802885259669
-0.00554559209202289
370
11.7164559526072
-0.0055668341720936845
371
11.718109295519854
-0.005587527289335194
372
11.719812337507667
-0.005608253246115601
373
11.72146502635709
-0.005627783724995699
374
11.723114108490392
-0.005646691976800239
375
11.724816152575157
-0.005665589892127787
376
11.72646808804596
-0.005683325689495761
377
11.728116411947289
-0.005700419944643723
378
11.729817614353912
-0.005717420462754592
379
11.73146869423032
-0.005733295475997659
380
11.733116020180352
-0.0057485317459903965
381
11.734816227116124
-0.005763588952334596
382
11.73646489789871
-0.005777422211675556
383
11.73810484759506
-0.005790635447236235
384
11.741311793684343
-0.005814271076161985
385
11.741311793684343
-0.005814271076161985
386
11.74282826373703
-0.005825451737769455
387
11.74440493034241
-0.005837981124231355
388
11.745990090027345
-0.005851286529657971
389
11.747624520543162
-0.00586547080539751
390
11.749333862723555
-0.005880163668607766
391
11.75099034197772
-0.005893728794699563
392
11.752637433802224
-0.005906548542604865
393
11.754330542265642
-0.005919015721970929
394
11.755967341277138
-0.005930379687711541
395
11.75759380954099
-0.00594099001224962
396
11.759265199251772
-0.005951174674414211
397
11.760880282929843
-0.005960318437550285
398
11.762495505343082
-0.005968770373506889
399
11.764142473175141
-0.0059766686137792836
400
11.765731637323151
-0.005983589342673088
401
11.767309678128793
-0.005989772246702282
402
11.768930316848762
-0.005995399420562715
403
11.770495419943584
-0.0060001339000319565
404
11.772049053422077
-0.0060041467411953015
405
11.773643907797695
-0.00600754644291463
406
11.775183482257196
-0.006010132692780802
407
11.776711229827072
-0.006012015535867386
408
11.778278976932322
-0.0060132319374763855
409
11.77979196371141
-0.006013714091940323
410
11.781292927243333
-0.006013514603546982
411
11.782839536832029
-0.006012596580358861
412
11.784325255870021
-0.006011032744897879
413
11.78579823798575
-0.00600881134206434
414
11.787308885341197
-0.0060058328098887455
415
11.788775307265828
-0.006002259855753435
416
11.790232640151112
-0.005998043612096835
417
11.791713574943055
-0.005993071650449621
418
11.793140949991896
-0.005987612759827236
419
11.794556172992776
-0.00598154825344419
420
11.7960073968693
-0.005974648724544621
421
11.797416142067695
-0.005967290372751741
422
11.798815954857167
-0.005959333226691805
423
11.800245774638809
-0.005950536557063041
424
11.802986531828864
-0.005931755187437097
425
11.802986531828864
-0.005931755187437097
426
11.804385701839333
-0.005921187172868495
427
11.80572707702427
-0.0059104263714233945
428
11.80705615199848
-0.00589914921871286
429
11.808418598011702
-0.0058869492797832
430
11.809732175395856
-0.0058745770350361395
431
11.81103410337805
-0.005861720675232536
432
11.812375617957576
-0.005847847903454584
433
11.813662134213322
-0.005833965671582758
434
11.81493658030694
-0.005819642764523322
435
11.816242691069105
-0.00580437461221331
436
11.81750182275454
-0.005789106264293386
437
11.818749608059651
-0.005773448319615045
438
11.820027632893208
-0.005756854951021855
439
11.821257639260324
-0.005740336386966322
440
11.822475518253118
-0.0057234431907383036
441
11.823723623713194
-0.005705563258597578
442
11.82492659364135
-0.005687776797033954
443
11.826118500682322
-0.0056696150452050465
444
11.827339757671453
-0.0056504432869117285
445
11.828516614263552
-0.005631426347447966
446
11.829682447402266
-0.0056120593320501035
447
11.83087682137878
-0.00559166918077041
448
11.832027640118358
-0.005571504212342896
449
11.833167477050493
-0.0055510247712733
450
11.834334798524079
-0.005529507676893096
451
11.836571350042055
-0.005486647839263043
452
11.836571350042055
-0.005486647839263043
453
11.837711989352718
-0.005464017920924446
454
11.838800839188481
-0.005442528284217785
455
11.839881906201827
-0.005420692162566758
456
11.84098507218696
-0.00539809293557145
457
11.842038586950682
-0.005375958839398268
458
11.843083084652088
-0.005353686879060778
459
11.844164706581358
-0.005330055040432741
460
11.84521317280072
-0.0053065573802460915
461
11.846253560461465
-0.005283022827643178
462
11.847306992259533
-0.005258512738817346
463
11.84831891507733
-0.005234402795064228
464
11.849344546083042
-0.005209704556880311
465
11.850394562480934
-0.00518405591908408
466
11.851403844321514
-0.005159137818809956
467
11.85240448252591
-0.005133864083772182
468
11.853429238531557
-0.005107610659168072
469
11.854416658383201
-0.0050819709760477295
470
11.855394782804913
-0.005056214458492758
471
11.856396630028742
-0.0050295209059994335
472
11.857362098268128
-0.005003466438374409
473
11.85832743649209
-0.004976933975096457
474
11.859308026370952
-0.004949532416133949
475
11.86025249172612
-0.004922770353502004
476
11.861188420700868
-0.004895890284400852
477
11.86214767252739
-0.004867969182730248
478
11.863072416351017
-0.004840699448560165
479
11.86398889563481
-0.004813333110063118
480
11.864928276432156
-0.00478493203068288
481
11.86583390826221
-0.004757218806302631
482
11.866739591735707
-0.004729179756940081
483
11.867659754440913
-0.00470036038895333
484
11.868546302673519
-0.004672283750669665
485
11.869424959832713
-0.004644159734154856
486
11.870325637430252
-0.0046150261502472464
487
11.87119991196048
-0.004586456324146888
488
11.872060566918025
-0.004558053106041058
489
11.87294227138309
-0.004528675093949899
490
11.873792184212816
-0.004500093104933391
491
11.874634474052778
-0.004471516276433134
492
11.8754971901124
-0.004441990576040001
493
11.876327454976522
-0.004413336085260053
494
11.877157795359967
-0.004384446911600043
495
11.877994426371995
-0.004355105077174246
496
11.878797324262326
-0.0043267293094585695
497
11.87959231633679
-0.004298426244399746
498
11.880408611065834
-0.004269154981104779
499
11.88119696247342
-0.004240690787137166
500
11.881979545469429
-0.0042122509553848275
501
11.88278284786428
-0.004182873272302369
502
11.883558209046322
-0.004154346138673809
503
11.884327468653636
-0.00412588263801281
504
11.88511669255943
-0.0040965193641023375
505
11.885878144632771
-0.004068041107051723
506
11.886633334419914
-0.004039658745448685
507
11.887407945884444
-0.0040104089488566565
508
11.888155177068334
-0.003982067358585005
509
11.8888961639597
-0.003953846346293799
510
11.88965968579213
-0.003924651114633856
511
11.890392609714208
-0.003896516143284517
512
11.891119032700615
-0.0038685366805531205
513
11.891863883329338
-0.003839755236512926
514
11.892582227152785
-0.0038119157810187253
515
11.893294417245277
-0.0037842409683353073
516
11.894024634276281
-0.00375579530493923
517
11.894728785752239
-0.0037283036958618322
518
11.895426821827135
-0.0037009973952539907
519
11.896142446982475
-0.0036729536707440524
520
11.896832465593503
-0.0036458724106325445
521
11.897516447874796
-0.0036189942748688928
522
11.898217630109798
-0.0035914112816896066
523
11.898893701552323
-0.003564794385862491
524
11.899563848085224
-0.0035383958511789417
525
11.900250842004718
-0.003511324531559797
526
11.90091489044148
-0.0034851547067992618
527
11.901573178890603
-0.00345921542784702
528
11.902247820845789
-0.003432641662519421
529
11.902898071443735
-0.0034070442301380537
530
11.903542418333478
-0.0033817001589085053
531
11.904839371823295
-0.0033307749266271265
532
11.904839371823295
-0.0033307749266271265
533
11.905476046640878
-0.003305830212370369
534
11.906124397867286
-0.0032804668972429654
535
11.906749108850732
-0.003256078619572252
536
11.9073681240949
-0.003231966605676929
537
11.90800251596421
-0.0032073175275012457
538
11.908614054547158
-0.0031836215492264583
539
11.909225679546877
-0.0031599916920403083
540
11.909847066895402
-0.0031360569124098472
541
11.910445849181555
-0.003113072917629277
542
11.91104471512427
-0.0030901697617603304
543
11.911656411881994
-0.0030668632353242535
544
11.912242988817022
-0.003044602866457005
545
11.912824289151189
-0.0030226395681165336
546
11.913420317534559
-0.0030002260927324987
547
11.913995131867434
-0.0029787179794010838
548
11.914565050110415
-0.0029575026029020485
549
11.915149435224803
-0.0029358680253084106
550
11.915713025040674
-0.0029151230017769206
551
11.916271811809274
-0.0028946761359106353
552
11.916844781105334
-0.002873841790896364
553
11.917397363514478
-0.0028538798883348273
554
11.918507002033115
-0.0028142044699489923
555
11.919052319621834
-0.002794917626400798
556
11.91955780883451
-0.002777164127419778
557
11.91955780883451
-0.002777164127419778
558
11.92007440354416
-0.0027591682040961673
559
11.920607102206874
-0.0027407724108490465
560
11.921137765754146
-0.002722600214279284
561
11.921681755626167
-0.0027041333545332626
562
11.922206026915793
-0.0026864953225033904
563
11.922725471268592
-0.0026691791559284523
564
11.923257718794709
-0.002651606627209158
565
11.923770632970715
-0.002634840154163165
566
11.924278736293394
-0.0026183981676725825
567
11.924799243551341
-0.002601733108646269
568
11.925300778248664
-0.0025858506948181715
569
11.925797599629874
-0.002570292031226381
570
11.926306588807249
-0.002554537580598936
571
11.926797092268137
-0.002539536832870062
572
11.927283066894525
-0.0025248553258761164
573
11.927781011768458
-0.0025100034851559716
574
11.928260914758132
-0.002495876314980674
575
11.928736421766677
-0.0024820630495944514
576
11.929223672426845
-0.002468103764979742
577
11.929693286269607
-0.0024548399029043788
578
11.930158592925173
-0.002441885350881539
579
11.930635057213518
-0.0024288181758155753
580
11.931093516141104
-0.0024164371109524825
581
11.931547212741137
-0.00240437418448367
582
11.93245807620769
-0.0023807471897944505
583
11.93245807620769
-0.0023807471897944505
584
11.932904598684589
-0.002369459019860835
585
11.933356576274296
-0.0023582308764779126
586
11.933791323594567
-0.002347625925741597
587
11.934221569578598
-0.002337322918699273
588
11.934664689354744
-0.0023269157829120834
589
11.935088208467908
-0.002317162736522214
590
11.93550726957185
-0.0023077037219255045
591
11.93593769533084
-0.002298191118944152
592
11.936353937385405
-0.002289188695741107
593
11.936767260959831
-0.002280441897453732
594
11.93719177544785
-0.0022716607961997667
595
11.93760173487903
-0.002263375840168439
596
11.938008622088034
-0.002255343980671888
597
11.938426236928974
-0.002247301574227822
598
11.938829240722837
-0.002239737856974812
599
11.939232232322341
-0.0022323688550379907
600
11.939642250894142
-0.0022250658025489375
601
11.94003790616025
-0.002218212023646385
602
11.940430209513842
-0.002211601588651546
603
11.940832508805878
-0.0022050173814689646
604
11.941220381716795
-0.0021988574217842775
605
11.94160509567259
-0.002192929653326522
606
11.941999315101294
-0.002187044669770047
607
11.942379865624021
-0.0021815452561387075
608
11.942759241232752
-0.0021762446659273696
609
11.94314706171554
-0.0021710234840957286
610
11.943518979109307
-0.002166225313005859
611
11.943886489584488
-0.0021616724814147916
612
11.944262267703374
-0.002157242742662644
613
11.944623503934194
-0.002153101822523209
614
11.944978843052226
-0.0021498899257444597
615
11.945335513111432
-0.0021496570726936334
616
11.945667387759022
-0.002154867093058304
617
11.945981868222036
-0.0021684010800409317
618
11.946564350528098
-0.002197300509931917
619
11.946564350528098
-0.002197300509931917
620
11.946816911426346
-0.002198115344637754
621
11.947049829351206
-0.0021961624192734825
622
11.947246741479816
-0.00219312669039498
623
11.947413035267099
-0.0021889320317732687
624
11.947554988800722
-0.00218061361770623
625
11.947676763746994
-0.0021716234877405707
626
11.94779374350944
-0.0021646823233790434
627
11.94792096687924
-0.002158894270525412
628
11.948062276438527
-0.0021541057567604086
629
11.948232388663307
-0.002149867501823433
630
11.948449585680459
-0.002145815561637282
631
11.948712803390055
-0.002142031087217127
632
11.94903923115183
-0.0021381914623717535
633
11.949447094195424
-0.0021343371942812847
634
11.9498741611634
-0.002130845889947938
635
11.950306828473673
-0.0021271322647902473
636
11.950740690242524
-0.0021235272849600617
637
11.95115190217965
-0.0021202622540409176
638
11.95196578644258
-0.002114185223123613
639
11.95196578644258
-0.002114185223123613
640
11.952356784597752
-0.0021114646051022226
641
11.952729263116407
-0.0021089883728165545
642
11.953105517553764
-0.002106618087648355
643
11.953463691428544
-0.002104478790721633
644
11.953814743636329
-0.0021024969692455477
645
11.954170853918352
-0.0021006047077568057
646
11.954510963458553
-0.0020989106387738284
647
11.954845234482484
-0.002097353217507454
648
11.955185123211319
-0.00209588241112327
649
11.955510463388414
-0.002094577602936964
650
11.955830804200753
-0.0020933918240391837
651
11.9561570787487
-0.002092284424247884
652
11.956469877667269
-0.002091317777855291
653
11.956778285838908
-0.0020904556044550092
654
11.957092819384991
-0.002089668307310467
655
11.957394720777577
-0.0020889993956755407
656
11.957692706126709
-0.002088421923027052
657
11.957996930912902
-0.0020879159330944833
658
11.95828920446997
-0.002087508250913683
659
11.95857793098472
-0.0020871801329685035
660
11.958875337730149
-0.0020869190534183054
661
11.959159010724594
-0.002086742027646779
662
11.9594392596368
-0.002086632798232722
663
11.95972581762872
-0.0020865877062514887
664
11.960001493567496
-0.0020866062711925016
665
11.960274174578903
-0.0020866831408684243
666
11.960823560238861
-0.0020870114843573083
667
11.960823560238861
-0.0020870114843573083
668
11.961363750409037
-0.00208754604168019
669
11.961363750409037
-0.00208754604168019
670
11.9616274743921
-0.0020878785803620783
671
11.961886250973725
-0.002088249461559618
672
11.962151977546517
-0.0020886705260592564
673
11.962407902202704
-0.0020891132550085512
674
11.96266120750704
-0.002089586010937421
675
11.962920503505764
-0.0020901034068580232
676
11.96317019932119
-0.0020906317021459598
677
11.963417420755736
-0.0020911817466874594
678
11.963670578172234
-0.002091770610656603
679
11.963914424705889
-0.002092360036330049
680
11.964155908688857
-0.0020929631341068773
681
11.964403261910444
-0.0020935985715994573
682
11.964641578352541
-0.0020942254349988563
683
11.96487763216694
-0.002094858502513216
684
11.965119438330115
-0.002095516775994085
685
11.965352409524451
-0.0020961581300628146
686
11.965583162571106
-0.0020967976007084895
687
11.965819527405019
-0.002097454714795719
688
11.966047244864049
-0.0020980670519785746
689
11.966272871230059
-0.0020985342541501783
690
11.96650410878709
-0.0020989725863049093
691
11.966728594255697
-0.0020995714611847867
692
11.96694912108151
-0.0021002667206556505
693
11.967174770503853
-0.0021009317743907285
694
11.967392053791064
-0.002101567788893108
695
11.967609360551533
-0.002102157891625303
696
11.967829604727202
-0.0021028088629267668
697
11.968041533161456
-0.0021033902194968986
698
11.968251311658486
-0.0021039491783031313
699
11.968672784942344
-0.002105014200732515
700
11.968672784942344
-0.002105014200732515
701
11.968879536158942
-0.0021054958357807985
702
11.969088934765313
-0.0021059784975296365
703
11.969291173699334
-0.002106412897381261
704
11.969491456374548
-0.0021068168471061
705
11.969696535176498
-0.002107200881927836
706
11.96989408256823
-0.002107540300154742
707
11.97008976462559
-0.002107845009137316
708
11.9702902705143
-0.0021081222628065804
709
11.970675042363146
-0.002108547558146134
710
11.970675042363146
-0.002108547558146134
711
11.970872377678086
-0.0021087040981302655
712
11.971249148246782
-0.0021088903053079443
713
11.971249148246782
-0.0021088903053079443
714
11.97144236036123
-0.0021089165532709483
715
11.971627723404636
-0.002108900854062526
716
11.971811402023421
-0.0021088393395663953
717
11.971999722641614
-0.002108726248432342
718
11.972181325918918
-0.0021085673651473364
719
11.972361376436321
-0.002108359788509924
720
11.972546006639684
-0.0021080924471636583
721
11.972724067709228
-0.0021077805432194356
722
11.972900602653255
-0.0021074172254743014
723
11.973081620853835
-0.002106986068704
724
11.973256191723745
-0.0021065123323494085
725
11.9734292602232
-0.002105984866093397
726
11.97360671976189
-0.0021053815526886326
727
11.973777855637643
-0.002104738196635486
728
11.973947516199297
-0.0021040391573735944
729
11.974121480811808
-0.0021032563806703893
730
11.974289246281034
-0.0021024366490327846
731
11.974455565696493
-0.0021015596277085967
732
11.974626106359663
-0.002100591117913594
733
11.97479057190465
-0.0020995892642972766
734
11.9749536215652
-0.002098528851489078
735
11.975120812467708
-0.0020973693633582306
736
11.975282064065036
-0.002096180502917047
737
11.97544194397801
-0.0020949320162062532
738
11.975605900223524
-0.0020935769713160543
739
11.975764030329946
-0.002092197109671414
740
11.975920810800554
-0.0020907569916536074
741
11.976081585721122
-0.002089203105675282
742
11.976236645542793
-0.0020876293669467075
743
11.976391721948342
-0.0020859784757617486
744
11.976549383476106
-0.0020842247160065774
745
11.976701341606432
-0.0020824576756173765
746
11.976851999929028
-0.0020806301506873215
747
11.97700650880958
-0.0020786751925575228
748
11.97715613943597
-0.002076702431821397
749
11.977304517179968
-0.002074669048959559
750
11.977456597694735
-0.0020725028781002955
751
11.977603195655766
-0.002070335213354186
752
11.977748473825095
-0.002068109004786685
753
11.977898167102028
-0.0020657299441965604
754
11.97804273132064
-0.002063351665167122
755
11.978185406853855
-0.0020609274102961015
756
11.978331607567448
-0.0020583593306464517
757
11.978472625519139
-0.0020558001070513023
758
11.978612494930033
-0.002053181430663853
759
11.97875595647673
-0.0020504113987806424
760
11.978894356136344
-0.002047658160748429
761
11.97903162682033
-0.0020448485951588408
762
11.979172417411698
-0.0020418844614961892
763
11.979308234282573
-0.002038945625909754
764
11.979442936650448
-0.0020359536140082267
765
11.979581096673444
-0.0020328038195031504
766
11.979714390544434
-0.0020296870190482518
767
11.979847697664377
-0.002026492351138772
768
11.979983309187958
-0.0020231640566411393
769
11.980114049589512
-0.0020198789491850753
770
11.980243706625336
-0.0020165467124364264
771
11.980376670348551
-0.002013051587129231
772
11.980504923605272
-0.0020096053576703268
773
11.980632105434744
-0.0020061150087622237
774
11.980762512096913
-0.0020024597805766335
775
11.98088827020108
-0.0019988613888014184
776
11.981012949615707
-0.0019952224227972127
777
11.981140763128403
-0.001991417151293089
778
11.981264000606055
-0.001987676162223377
779
11.98138616585723
-0.001983897752253893
780
11.981511391029937
-0.0019799514040449028
781
11.981632125936247
-0.00197607608737027
782
11.981751805855929
-0.0019721661175232177
783
11.981875122045968
-0.0019680645456389935
784
11.98199340027356
-0.001964062096292143
785
11.982110599512655
-0.001960029179228199
786
11.982230730178646
-0.0019558251089076056
787
11.982346553797957
-0.0019517040313433427
788
11.9824613668371
-0.0019475532708171732
789
11.982579054583972
-0.0019432298190744574
790
11.982692522419365
-0.0019389950327991603
791
11.982805000488183
-0.0019347328587196572
792
11.982920295959783
-0.0019302965499672108
793
11.983031458947167
-0.001925954321823587
794
11.983141653487118
-0.0019215868819401562
795
11.98325460910643
-0.0019170435157208248
796
11.98336351619656
-0.0019125995366409392
797
11.983471473468247
-0.0019081328157557556
798
11.983582133767804
-0.001903489998420686
799
11.983688824201833
-0.0018989512408742963
800
11.983794580344846
-0.001894391567677835
801
11.983902981010987
-0.0018896544700457562
802
11.98400749020442
-0.0018850263612768111
803
11.98411109048869
-0.0018803792165309943
804
11.984217288645894
-0.0018755533962008992
805
11.984319679906772
-0.001870840791326807
806
11.984421176170725
-0.0018661113214864607
807
11.98452575501016
-0.001861176355574882
808
11.984626058876795
-0.0018563851844014454
809
11.984726367074135
-0.0018515353934801487
810
11.98482823875048
-0.001846551504129556
811
11.984926387878522
-0.00184169260840667
812
11.985023672391023
-0.0018368208831363475
813
11.985123390701318
-0.0018317689270359757
814
11.985219530262006
-0.0018268421822391682
815
11.985314825429016
-0.0018219042319421047
816
11.985412501628943
-0.001816785746122821
817
11.98550731305985
-0.0018117612179892294
818
11.985600654639045
-0.0018067620363479756
819
11.98569627901165
-0.001801584742449547
820
11.985788464977151
-0.0017965398280710828
821
11.985879845454603
-0.0017914866488100375
822
11.9859736035542
-0.0017862455942639966
823
11.986064072089679
-0.0017811349851540076
824
11.986153800390513
-0.001776014973798508
825
11.986246253817129
-0.0017706863619693317
826
11.986423104293534
-0.0017603400302243655
827
11.986423104293534
-0.0017603400302243655
828
11.986513818268886
-0.0017549573269527601
829
11.98660093363177
-0.0017497379546811758
830
11.986687284664669
-0.0017445181208525975
831
11.986775847115789
-0.001739115923575001
832
11.9868614671814
-0.0017338466031676923
833
11.986946397880873
-0.0017285756674588837
834
11.987033425105846
-0.001723128777642214
835
11.987117348360043
-0.0017178327038469552
836
11.98720050457677
-0.0017125436909923473
837
11.987285713604534
-0.0017070808164693907
838
11.98744990488674
-0.001696434266434608
839
11.98744990488674
-0.001696434266434608
840
11.987533653544457
-0.001690943500205238
841
11.987613688248704
-0.0016856566398228698
842
11.987692813468984
-0.0016803940194847883
843
11.987773752846989
-0.0016749729611179784
844
11.987851624857583
-0.0016697219080093323
845
11.987928628651368
-0.0016644957636247925
846
11.988007371571246
-0.0016591163960689298
847
11.988083054428195
-0.0016539132800082053
848
11.98815768534375
-0.0016487518011852075
849
11.98823354081296
-0.0016434742728834784
850
11.988305750965212
-0.001638421961132086
851
11.988376117313647
-0.0016334726812394958
852
11.98844692207495
-0.0016284655814570756
853
11.98851403975254
-0.0016236936824153261
854
11.988579609571266
-0.001619007174153983
855
11.988646103297722
-0.0016142278405326998
856
11.988709832610448
-0.0016096211765840901
857
11.988772974257689
-0.0016050311963251099
858
11.988838125608288
-0.0016002666413074125
859
11.988901718543245
-0.0015955885292908514
860
11.988965438476898
-0.0015908754050340701
861
11.989031153379223
-0.0015859890038855474
862
11.989094871149577
-0.001581227262788989
863
11.98915842470364
-0.0015764553508245045
864
11.989223858850284
-0.0015715193557122448
865
11.989287069486238
-0.0015667303143790093
866
11.989349861095029
-0.00156195357581561
867
11.989414399927393
-0.0015570238206100138
868
11.989538580335019
-0.001547485208715084
869
11.989538580335019
-0.001547485208715084
870
11.989602308553877
-0.0015425668665039448
871
11.989663483601127
-0.001537825400901025
872
11.989724134507764
-0.0015331102600809926
873
11.989786336552458
-0.0015282591263262554
874
11.98984631016716
-0.0015235677533394884
875
11.989905754196915
-0.0015189041284839053
876
11.989966702440293
-0.0015141067108038189
877
11.990025481729216
-0.0015094649515953952
878
11.990083778953647
-0.001504845380334898
879
11.990143606526408
-0.00150008135434035
880
11.990201682713213
-0.0014954714019028812
881
11.99025923484454
-0.0014907889586762031
882
11.990318635694232
-0.0014860564466575618
883
11.990376365374289
-0.0014816924420511942
884
11.99043432903893
-0.0014770860621764702
885
11.990494736494327
-0.001472258147566113
886
11.990553907402722
-0.0014675236653631204
887
11.990613385793258
-0.0014627602168713234
888
11.990675084068595
-0.0014578161265192055
889
11.990735105838636
-0.0014530063771299752
890
11.990795012808045
-0.0014482069694424441
891
11.99085674464582
-0.0014432655825304074
892
11.990916518401756
-0.001438473803043247
893
11.990975915899408
-0.0014337123119030537
894
11.991036825000082
-0.0014288302692536665
895
11.991095437979402
-0.0014241339286858062
896
11.991153282013345
-0.0014195013294532313
897
11.991212139729637
-0.0014147906897571314
898
11.991268321309082
-0.0014102978642412875
899
11.991323330644786
-0.0014059023908719447
900
11.991378957714856
-0.0014014621542072414
901
11.991431967904154
-0.0013972357091685179
902
11.991484103987917
-0.0013930842487945602
903
11.991537368272962
-0.0013888496824391952
904
11.991588822457175
-0.0013847664966339782
905
11.991640224354258
-0.0013806958416802332
906
11.991693678941807
-0.0013764735143051042
907
11.991746188686701
-0.001372337420843971
908
11.991799241708609
-0.0013681704886702997
909
11.991854410788484
-0.001363850770053783
910
11.99190791449536
-0.001359673695307899
911
11.991960933717412
-0.0013555458960689203
912
11.992015264412329
-0.0013513291589527824
913
11.992067915582117
-0.0013472566202976854
914
11.992120606427717
-0.0013431954625333503
915
11.992175048240583
-0.0013390156325869273
916
11.992227655305003
-0.00133499182437499
917
11.992279782258676
-0.001331019230857074
918
11.9923333299419
-0.0013269552923547828
919
11.992385232049545
-0.001323033443651435
920
11.992436896282067
-0.0013191462519049567
921
11.992489888638504
-0.0013151772847221892
922
11.992541011452921
-0.0013113660466383746
923
11.992591846497088
-0.0013075941352874367
924
11.992644105887777
-0.0013037364811437848
925
11.99274456107882
-0.0012963774644398334
926
11.99274456107882
-0.0012963774644398334
927
11.992796119175328
-0.001292633957848792
928
11.992845981100258
-0.0012890320308877024
929
11.992895375376579
-0.0012854831945999373
930
11.992945968282864
-0.0012818698543590676
931
11.992994858100444
-0.0012783997963819746
932
11.993043355604263
-0.001274978106956148
933
11.993093037982398
-0.0012714955059038302
934
11.99314100106707
-0.0012681557897212463
935
11.9931885856526
-0.0012648638878037068
936
11.99323735172749
-0.0012615139984948026
937
11.99328441034002
-0.0012583045190532887
938
11.993331089881703
-0.0012551431020414307
939
11.993378908648854
-0.0012519302706315706
940
11.99342499070388
-0.0012488594065138546
941
11.993470634608137
-0.0012458419517880877
942
11.993517385401262
-0.0012427771228663866
943
11.99356244104383
-0.001239848080115725
944
11.993607078733623
-0.0012369698924605747
945
11.993652812827667
-0.001234046293063797
946
11.993696890346929
-0.0012312527035513003
947
11.993740564216743
-0.0012285078631635
948
11.993785315277663
-0.0012257200654458597
949
11.993828446985004
-0.0012230567287089622
950
11.99387118795306
-0.0012204401817393906
951
11.993914984985775
-0.0012177831928482218
952
11.993957199628944
-0.0012152452738247413
953
11.993999034037587
-0.0012127523790905115
954
11.994041903774995
-0.00121022147958496
955
11.994083226372094
-0.0012078044932108095
956
11.99412417792463
-0.0012054308863631883
957
11.994166144300172
-0.0012030216425225775
958
11.99420659681061
-0.0012007213928398354
959
11.994246689174513
-0.0011984628322349315
960
11.994287779010145
-0.0011961707828427818
961
11.99432738884334
-0.0011939829070275441
962
11.994366646124071
-0.0011918352492080013
963
11.994406877779879
-0.001189656492573736
964
11.994445659409164
-0.0011875774014957164
965
11.99448409402563
-0.0011855371893150675
966
11.994523481922824
-0.0011834681032486028
967
11.99456144892865
-0.001181494333937167
968
11.99459907562417
-0.0011795580785222866
969
11.99463763462761
-0.0011775951016238801
970
11.994674801930424
-0.0011757231940615577
971
11.994711635397985
-0.0011738874766127204
972
11.994749380941432
-0.0011720270937185906
973
11.994785763590732
-0.0011702536577159026
974
11.994821818996051
-0.001168515113297725
975
11.994858766622324
-0.0011667538827342867
976
11.994894379562892
-0.001165075608910763
977
11.994929671571812
-0.001163430970546104
978
11.994965836231165
-0.0011617655541482376
979
11.99500069377965
-0.001160179234749415
980
11.99503523646818
-0.001158625333775853
981
11.995070632465769
-0.0011570524949769706
982
11.995104748306058
-0.0011555550196699804
983
11.995138555139338
-0.0011540887823917251
984
11.995173393430886
-0.0011525978967706937
985
11.995206782086507
-0.0011511861803099662
986
11.995239853711972
-0.0011498050750786372
987
11.995273740348042
-0.0011484085145559628
988
11.995306637780136
-0.0011470716928020928
989
11.995339002534845
-0.001145772192175008
990
11.995372147999095
-0.0011444594407623494
991
11.995404092616596
-0.0011432114845408648
992
11.995435747435529
-0.0011419913176331199
993
11.995468183510066
-0.0011407588021622346
994
11.995499445734104
-0.001139587746904769
995
11.995530423827088
-0.0011384434219990987
996
11.995562165920386
-0.0011372882436239302
997
11.995592758437219
-0.0011361913729667074
998
11.995623071918128
-0.0011351202171569358
999
11.995654131962757
-0.0011340396561638688
1000
11.995684066077468
-0.0011330143579586036
1001
11.995713726031514
-0.001132013788875374
1002
11.9957441158944
-0.001131005187897861
1003
11.995773403519218
-0.0011300488909506282
1004
11.995802422269929
-0.0011291163497071867
1005
11.995832154111076
-0.0011281771040995345
1006
11.995860806632859
-0.0011272873110591759
1007
11.995889195074229
-0.0011264203367792438
1008
11.995918280351713
-0.0011255479206294676
1009
11.995946309042246
-0.0011247221946872857
1010
11.995974078553775
-0.0011239183701568334
1011
11.996002531052087
-0.001123110261772928
1012
11.996029950923523
-0.0011223461390590397
1013
11.996057118235205
-0.0011216029889576146
1014
11.996084952804445
-0.001120856717660619
1015
11.996111720699718
-0.0011201548803415823
1016
11.99613816520923
-0.0011194767987060777
1017
11.996165155566663
-0.00111880164894924
1018
11.996191076481223
-0.0011181687134719303
1019
11.996216679998835
-0.0011175578643374375
1020
11.996242810709775
-0.0011169503843454906
1021
11.996267904069338
-0.0011163815321984006
1022
11.996292687464221
-0.0011158331402341003
1023
11.996317979351067
-0.001115288399456465
1024
11.996342265005639
-0.0011147788471343148
1025
11.996366554031727
-0.001114279764122767
1026
11.996391030365848
-0.001113793383982547
1027
11.996414511228943
-0.0011133388406012015
1028
11.996437695626932
-0.0011129017325734601
1029
11.99646135369866
-0.0011124684430823797
1030
11.996484067723461
-0.0011120639019324464
1031
11.996506495422725
-0.0011116750553607053
1032
11.99652938227431
-0.0011112899238287103
1033
11.996573050414257
-0.001110585688487806
1034
11.996573050414257
-0.001110585688487806
1035
11.996595404140061
-0.0011102356112769106
1036
11.996616661721632
-0.0011099181326132187
1037
11.996637918245442
-0.0011096040711093727
1038
11.996659321446787
-0.001109303189631191
1039
11.996679849802714
-0.0011090219343028122
1040
11.996700116271722
-0.0011087520923361448
1041
11.99672080271396
-0.0011084849075144877
1042
11.996740668583405
-0.0011082356616320358
1043
11.996760283861718
-0.0011079964538693139
1044
11.996780310498862
-0.0011077594225129613
1045
11.996799543915891
-0.001107538190747942
1046
11.996818537071608
-0.0011073257566246444
1047
11.996837932686372
-0.0011071150736997753
1048
11.996856624442424
-0.0011066967831379487
1049
11.996875212066454
-0.0011062715702909343
1050
11.996894218458406
-0.0011061354480559496
1051
11.996912485975784
-0.0011060075632172955
1052
11.996930502013841
-0.0011058780570383472
1053
11.996948883629033
-0.0011057263429114664
1054
11.996966531579702
-0.001105570924437472
1055
11.996983955965792
-0.0011054128319028817
1056
11.997001760362409
-0.0011052478076270075
1057
11.997018875787692
-0.0011050877012631466
1058
11.997035789894088
-0.0011049311335805069
1059
11.997053086618436
-0.0011047725038504297
1060
11.997069722478832
-0.0011046210286146053
1061
11.997086171070334
-0.0011044723138673815
1062
11.99710300077415
-0.001104320650667501
1063
11.997119195836628
-0.001104175029460287
1064
11.99713521359882
-0.0011040314217454824
