1
0.0
0.0
2
0.0
0.0
3
0.0
0.0
4
0.0
0.0
5
0.0
0.0
6
0.0
0.0
7
0.0
0.0
8
0.0
0.0
9
0.0
0.0
10
0.0
0.0
11
0.0
0.0
12
0.0
0.0
13
0.0
0.0
14
0.0
0.0
15
0.0
0.0
16
0.0
0.0
17
0.0
0.0
18
0.0
0.0
19
0.0
0.0
20
0.0
0.0
21
5.599982267475786
-3.950590038571087e-08
22
5.600455451529956
-7.607272743104412e-08
23
5.601861906937142
-1.457972456171406e-07
24
5.604087766814752
-2.72188670429518e-07
25
5.607162077616843
-5.549694483383802e-07
26
5.6112271267021265
-5.733533440138771e-07
27
5.61601802619453
-8.222498784273228e-07
28
5.620972592371364
-1.1219457301877354e-06
29
5.626077852425389
-1.4765492525331356e-06
30
5.631032465420467
-1.863571976263355e-06
31
5.6359859708075835
-2.214914266626163e-06
32
5.641087528901363
-2.7121007137404743e-06
33
5.646030270418719
-3.6211540414435194e-06
34
5.650929757989746
-4.188008129198609e-06
35
5.656008882910626
-4.53478990285051e-06
36
5.660954886872263
-4.910801081485774e-06
37
5.6659002840033335
-5.490421515740919e-06
38
5.6709958974366605
-6.068726371033125e-06
39
5.6759422715702526
-6.642773550201366e-06
40
5.680889360330825
-7.269420899147684e-06
41
5.685987159224445
-8.007604063708474e-06
42
5.690935816612169
-8.77872248948669e-06
43
5.69588527793451
-9.607612548017134e-06
44
5.700985580380883
-1.0527879258710839e-05
45
5.705936736881624
-1.1491029939830897e-05
46
5.710888771346009
-1.2527383514899084e-05
47
5.715991810139839
-1.3676276103629083e-05
48
5.720945680031494
-1.488161003224475e-05
49
5.725900403295217
-1.617670924962002e-05
50
5.731005611832514
-1.7597619964807943e-05
51
5.735959967388477
-1.905601312934353e-05
52
5.740913076086525
-2.0711442913680313e-05
53
5.74601372391945
-2.2720145421536486e-05
54
5.750948661293804
-2.5579653739020617e-05
55
5.755844229491925
-2.7248620185103347e-05
56
5.760936369389416
-2.92441345158656e-05
57
5.76588159399782
-3.158975652855971e-05
58
5.770827037718422
-3.382610336537639e-05
59
5.775922764787605
-3.6091768203470444e-05
60
5.780869304796269
-3.8285675037673684e-05
61
5.785816593583185
-4.049902439128344e-05
62
5.790914618751308
-4.281686199388462e-05
63
5.7958635311435724
-4.512455188256645e-05
64
5.800813267542169
-4.7506100956935644e-05
65
5.805913866250972
-5.005724907431634e-05
66
5.810865314584479
-5.26442628691988e-05
67
5.815817631400919
-5.5356738366346454e-05
68
5.820920948944818
-5.82915039755031e-05
69
5.825875075134561
-6.128693872755737e-05
70
5.830829993906561
-6.442820117743006e-05
71
5.835935107933257
-6.78209431674788e-05
72
5.840889218961785
-7.121499273909301e-05
73
5.845841915134986
-7.471749494456245e-05
74
5.850941071293541
-7.85440687986157e-05
75
5.855863239941761
-8.340469003837048e-05
76
5.860765257970959
-8.685380819166365e-05
77
5.865862825131062
-9.137902178924644e-05
78
5.870808804307982
-9.57602109226908e-05
79
5.8757541961226805
-0.00010011010309253131
80
5.880850034926707
-0.00010453800195253679
81
5.885796720612701
-0.00010880230611161817
82
5.890744179299555
-0.00011305703392698451
83
5.895842388643443
-0.00011744463304902284
84
5.900791492201075
-0.0001217286632696596
85
5.905741434498838
-0.00012605459420929414
86
5.91084226432237
-0.00013057678215258283
87
5.915793951896676
-0.00013504713302136214
88
5.920746519582497
-0.00013961194594278077
89
5.925850118360383
-0.00014442993623159007
90
5.930804511606165
-0.00014922225459034286
91
5.935759607323751
-0.0001541277046834861
92
5.940864571413125
-0.0001593030653733471
93
5.945818402201285
-0.000164405291811954
94
5.950770580714465
-0.00016964879303515878
95
5.955866921526983
-0.00017531983123453336
96
5.9607750549226095
-0.00018170791787626287
97
5.9656930717184125
-0.00018734699221199878
98
5.970791260678205
-0.0001940674875525126
99
5.975736683409159
-0.00020041409451268804
100
5.980682155498062
-0.00020671276265604458
101
5.985778138625064
-0.00021314298643796353
102
5.990724989491546
-0.00021934034920908303
103
5.995672620832378
-0.00022551408047681316
104
6.000771016420193
-0.00023186186700102578
105
6.005720308020301
-0.000238027516580472
106
6.0106704481457855
-0.0002442120402922002
107
6.015771498876557
-0.00025062329424510186
108
6.020723414340069
-0.00025689999908479514
109
6.025676228722634
-0.00026324782446109063
110
6.030780081124582
-0.00026987657417104865
111
6.035734712391228
-0.0002764033415875825
112
6.040689869247763
-0.0002830282280389298
113
6.045794630000785
-0.0002899464778016077
114
6.050748118148313
-0.000296726582608298
115
6.05569960086846
-0.00030367766313857473
116
6.060790383074055
-0.00031143421313125285
117
6.06568879979822
-0.0003191343813259777
118
6.070623311481955
-0.00032713614008166324
119
6.075718461940466
-0.00033575278543695645
120
6.080663711199716
-0.0003440220044937309
121
6.085609316055256
-0.0003522299802166785
122
6.0907054656625
-0.00036062299724383455
123
6.0956524966625425
-0.00036871921463969094
124
6.100600313586588
-0.0003767833461856085
125
6.105698908798194
-0.00038506983308828324
126
6.110648400054923
-0.00039310546315370016
127
6.115598748033088
-0.0004011470576721985
128
6.120700024523746
-0.0004094563691577547
129
6.125652168443929
-0.0004175587568197086
130
6.130605221065456
-0.0004257183785291341
131
6.135709321931589
-0.00043419508823926785
132
6.140664161090995
-0.0004424989524161787
133
6.1456192748035825
-0.0004508886916043581
134
6.150723782920508
-0.0004596034511110012
135
6.155676860683822
-0.0004681240691290047
136
6.160627326602443
-0.00047683368941154746
137
6.165708625744266
-0.0004868317279220046
138
6.170605767325617
-0.0004957968390208302
139
6.1755504950614375
-0.0005060662454342305
140
6.180645759989105
-0.0005166397873335078
141
6.185591071060544
-0.0005268439907882279
142
6.19053680887779
-0.0005369800763113619
143
6.195633134844967
-0.0005473538848684901
144
6.200580349089468
-0.0005573684379447702
145
6.2055283556944945
-0.0005673442494484402
146
6.210627156115046
-0.0005775950769485188
147
6.2155768507036075
-0.0005875293243908387
148
6.220527410458299
-0.0005974630172421534
149
6.225628913338687
-0.0006077127571995788
150
6.230581284964846
-0.0006176922358510076
151
6.23553457217175
-0.000627719089744126
152
6.240638912968476
-0.0006381113717360909
153
6.245593927582509
-0.0006482672532405993
154
6.250548909084405
-0.0006584969171334351
155
6.25565312675106
-0.0006690967572368192
156
6.2606057241002935
-0.0006794624447942431
157
6.265554538777179
-0.000690021721384421
158
6.270622372051147
-0.0007018585236468986
159
6.275529000431672
-0.0007129740582275787
160
6.28047621735472
-0.0007254816831875118
161
6.285571883751839
-0.0007382385259105891
162
6.29051720131508
-0.0007505446646291998
163
6.29546310339372
-0.0007627843507300378
164
6.300559632171503
-0.0007753292808099515
165
6.305507053762316
-0.0007874564069883098
166
6.310455272178485
-0.0007995485551594127
167
6.315554303611292
-0.0008119858236481308
168
6.320504226776844
-0.0008240468664227123
169
6.325455023023439
-0.0008361129905894796
170
6.330556775478423
-0.0008485642137244582
171
6.335509395725764
-0.0008606881807044198
172
6.340462937287859
-0.0008728629759813417
173
6.345567529711377
-0.0008854735767109399
174
6.350522669098877
-0.0008977870109743235
175
6.355477472508832
-0.0009101722726816549
176
6.360581369524082
-0.0009229938567926934
177
6.365533387040952
-0.0009355459543991201
178
6.370479022365248
-0.000948299788831387
179
6.375533609046257
-0.0009622251726372333
180
6.38045626022347
-0.000976228350319163
181
6.385402685539256
-0.0009913115947113964
182
6.390497845178483
-0.0010066085966867957
183
6.395443309665768
-0.0010213992820301148
184
6.400389399034883
-0.0010361313374631258
185
6.405486146890531
-0.0010512565992496345
186
6.410433786617919
-0.0010659013630746428
187
6.415382229758945
-0.0010805229972921226
188
6.420481502315742
-0.0010955799488070331
189
6.425431665354674
-0.0011101966702096496
190
6.430382707007966
-0.001124832152875524
191
6.435484718258564
-0.0011399455125454467
192
6.440437594653753
-0.001154667275973514
193
6.445391394331574
-0.001169453387294562
194
6.450496229339234
-0.001184767878159701
195
6.455451407586539
-0.0011997179681026843
196
6.460406006963131
-0.0012147459579355069
197
6.465509541189493
-0.0012303001525055
198
6.470460793440005
-0.001245550746768611
199
6.475400341946048
-0.0012611386287971786
200
6.480447007810821
-0.0012776923757312974
201
6.485381946614305
-0.001295312577420043
202
6.490327635525845
-0.0013132846014885834
203
6.495422799822422
-0.0013317518266743144
204
6.500368431148871
-0.0013496298361152844
205
6.505314721301995
-0.001367461852807037
206
6.510411694510552
-0.001385797231387347
207
6.515359557690273
-0.001403572848587855
208
6.5203082312269585
-0.0014213397995289096
209
6.525407747451605
-0.0014396518751855398
210
6.5303581533760395
-0.0014574426131405845
211
6.535309442717733
-0.0014752658954736396
212
6.540411712960601
-0.0014936795106086963
213
6.545364843911291
-0.0015116170750420694
214
6.550318895108611
-0.0015296314834211521
215
6.555423946104598
-0.0015482831982076128
216
6.560379060118528
-0.0015664800493047663
217
6.565333410294282
-0.0015847587871997439
218
6.5704365094711905
-0.0016036733328602807
219
6.575386619142207
-0.001622230080921793
220
6.580316097866481
-0.0016407055425942216
221
6.5853633259276725
-0.0016606908268503363
222
6.590305087654788
-0.0016823256133586704
223
6.595250939735215
-0.001704001913111421
224
6.600346087986977
-0.0017262909262917027
225
6.605291879049184
-0.001747886502362995
226
6.6102383638658315
-0.0017694476056212079
227
6.615335548331511
-0.0017916382947158415
228
6.62028362116545
-0.0018131661643835317
229
6.625232512707336
-0.001834695766622126
230
6.630332257180363
-0.0018568949133118404
231
6.635282891456794
-0.0018784687997886484
232
6.640234414216171
-0.001900084523642178
233
6.645336927564761
-0.0019224170539260718
234
6.6502902990376755
-0.0019441662150894506
235
6.655244583979836
-0.001966001042975009
236
6.660349804059453
-0.001988596388753006
237
6.6653047589378
-0.0020106232132213768
238
6.670258808740311
-0.002032731793431761
239
6.675361378491689
-0.0020556107836586443
240
6.680309563399626
-0.002077996108344394
241
6.685225470013548
-0.002099658230535028
242
6.6902828113729935
-0.002124424408668544
243
6.695226892771453
-0.0021506404120089696
244
6.700172255700917
-0.0021766276168073756
245
6.705267469136903
-0.0022033622164362955
246
6.71021341036808
-0.002229272048867738
247
6.715160074192825
-0.002255149824933154
248
6.720257449986892
-0.0022817911275496857
249
6.725205714119447
-0.0023076389086064673
250
6.7301548038929315
-0.002333488916805257
251
6.7352547579271125
-0.0023601396944855036
252
6.740205600557259
-0.0023860338430218447
253
6.745157335280536
-0.0024119694770233916
254
6.750260069792902
-0.0024387510101402696
255
6.755213659663692
-0.002464816357332331
256
6.760168146746538
-0.00249096416124627
257
6.765273428474894
-0.0025179967861645013
258
6.770228150729649
-0.002544319740625458
259
6.775181834048975
-0.00257071217741857
260
6.780283720614902
-0.0025980252266123204
261
6.785228055617768
-0.00262417984425367
262
6.790131330656642
-0.0026497650110190217
263
6.795198897520326
-0.0026802285081316784
264
6.800143804216701
-0.0027110966777646153
265
6.805089170930459
-0.0027418782107793286
266
6.810184463958579
-0.002773538605152547
267
6.815130538916381
-0.002804219224341746
268
6.820077356726065
-0.0028348597715422085
269
6.825174894132476
-0.0028663998555732008
270
6.830123321898079
-0.002896991598470315
271
6.83507257911404
-0.002927574168045961
272
6.840172711191299
-0.0029590878897993557
273
6.845123729055793
-0.0029896886460546936
274
6.850075644287445
-0.003020318545403502
275
6.855178565414023
-0.0030519192776574207
276
6.860132335893847
-0.003082645503204934
277
6.865086973861416
-0.00311343414877801
278
6.870192188895559
-0.003145225533897502
279
6.875146612904429
-0.0031761392987665754
280
6.880099845109927
-0.0032070952801868165
281
6.885200783832438
-0.0032391202813406776
282
6.890137989542656
-0.0032680126944298455
283
6.895033534609194
-0.0032994279399974577
284
6.900108373982102
-0.0033356846968660013
285
6.905055121730964
-0.003371565084462509
286
6.910000259927228
-0.0034073440532627593
287
6.915095632460525
-0.003444128567820322
288
6.920041811551674
-0.0034797538889537617
289
6.924988747213577
-0.003515312932172282
290
6.930086411844419
-0.00355189075961055
291
6.935034968636368
-0.003587343455601066
292
6.939984358773018
-0.003622757100456241
293
6.94508463083636
-0.0036592147817379327
294
6.9500357922751945
-0.0036945836407401107
295
6.954987850995768
-0.0037299471715184556
296
6.96009092334329
-0.0037663891592553548
297
6.965044835008884
-0.003801778114223567
298
6.969999567983735
-0.0038371906749791445
299
6.97510458395519
-0.0038737029773134534
300
6.980058635535966
-0.00390915116022187
301
6.98501131573958
-0.003944600864517943
302
6.990110813354157
-0.003981187774125725
303
6.995036546146527
-0.004012989547929127
304
6.999931925195722
-0.004050175278239558
305
7.005013768831979
-0.004091988809380646
306
7.0099593039074835
-0.004132747633485169
307
7.014904296593147
-0.0041733752589189705
308
7.019999697335465
-0.004215100989368337
309
7.02494593745809
-0.004255470774928282
310
7.0298929418627685
-0.00429572317228268
311
7.03499068297458
-0.004337080388327132
312
7.039939318055731
-0.004377116995416381
313
7.044888790322317
-0.004417059796443699
314
7.0499891533382
-0.004458124889801925
315
7.054940411450072
-0.004497909447371941
316
7.059892580842179
-0.004537631069426346
317
7.064995768882786
-0.004578499507317762
318
7.069949773785279
-0.004618119081918335
319
7.074904510856349
-0.004657696080908331
320
7.080009197978074
-0.004698424994365761
321
7.08496279081048
-0.004737890776653391
322
7.089914783548981
-0.004777304226417259
323
7.095011764979182
-0.004817814146269582
324
7.099922851732691
-0.004852686619547365
325
7.104820462725201
-0.004894968230560001
326
7.109905740809818
-0.004941512666685087
327
7.114850402904615
-0.004986592374122793
328
7.119795341607147
-0.0050314699033849695
329
7.124890728511979
-0.005077487504648668
330
7.129836981216161
-0.0051219405656611015
331
7.134784001302216
-0.005166193772325719
332
7.139881766131343
-0.005211583326338349
333
7.144830426021658
-0.005255445292035599
334
7.14977992923827
-0.0052991258920572085
335
7.1548803280842375
-0.005343949436533281
336
7.159831625268677
-0.0053872913048718775
337
7.16478386639849
-0.005430482147256349
338
7.169887141765795
-0.005474824718628642
339
7.174841218174725
-0.0055177138482379135
340
7.179795873212831
-0.005560453990510695
341
7.184900192972118
-0.005604323726567437
342
7.189853286870378
-0.005646720534246861
343
7.1948044327476985
-0.005688981019333681
344
7.199896280565959
-0.0057314028013847424
345
7.204793472837831
-0.005769508111003664
346
7.209693462481087
-0.005815711788793916
347
7.214783973865153
-0.005865477019648537
348
7.219728658240508
-0.005913464902779069
349
7.2246734575245135
-0.005961115838040821
350
7.229768760701935
-0.006009856293178344
351
7.234714947800327
-0.006056821187495609
352
7.239661907282196
-0.006103453626179084
353
7.244759609979875
-0.0061511533063392234
354
7.249708211821857
-0.0061971177823783195
355
7.254657656896497
-0.006242759614380331
356
7.259757995740788
-0.006289452392400385
357
7.264709234262745
-0.006334462538442825
358
7.269661477533291
-0.006379188625055644
359
7.274764777435611
-0.006424955654848519
360
7.279718862719148
-0.006469066658844366
361
7.284673326591392
-0.006512864616493999
362
7.289777249354014
-0.006557645294962517
363
7.294729812142545
-0.0066007503426633645
364
7.299679843131099
-0.006643577491401713
365
7.304762065024076
-0.006683499188865449
366
7.309649908903921
-0.006725396214255025
367
7.314557314153877
-0.006772902122661416
368
7.319651740309653
-0.006822962452689207
369
7.324595986760074
-0.006870966776521792
370
7.329540579317197
-0.006918438416275667
371
7.334635692154098
-0.006966779929072798
372
7.339581703497888
-0.007013147488927199
373
7.344528485103337
-0.007058969803846996
374
7.34962600305332
-0.007105606946678992
375
7.354574424346779
-0.007150314124041232
376
7.359523686629288
-0.007194470301655492
377
7.364623837659069
-0.007239387716805814
378
7.369574861001364
-0.0072824364072783965
379
7.374526961142618
-0.0073249783943671485
380
7.37963018245687
-0.007368239042157148
381
7.384569896437897
-0.007409534742590353
382
7.389414931974154
-0.00744946785000635
383
7.394312628226004
-0.007489268874123757
384
7.398978619294401
-0.007526640954562332
385
7.403550933261673
-0.007563034021178346
386
7.408199149738149
-0.007595628256967305
387
7.412667492361352
-0.007629607845324086
388
7.417050005012693
-0.007668116432280345
389
7.421468605286564
-0.0077065848629507645
390
7.425695479317712
-0.007742682915979355
391
7.429862590160379
-0.007777562888417507
392
7.4341065900776275
-0.007812330213738567
393
7.4381759326344
-0.007844933673828498
394
7.442192497840436
-0.00787639886479292
395
7.446287469247893
-0.007907730525945754
396
7.450218765663664
-0.007937092722596038
397
7.4541040426366
-0.007965411861640298
398
7.458068821703499
-0.00799358489824285
399
7.461878138013278
-0.008019956748204222
400
7.465644861022602
-0.008045356410803946
401
7.469491995205829
-0.008070597158794431
402
7.473190590798269
-0.00809420345267107
403
7.47684909265956
-0.008116928778805032
404
7.48058636408264
-0.008139501757601347
405
7.4841815390123285
-0.008160579006034046
406
7.487741448108256
-0.00818080897879125
407
7.491381005370235
-0.008200821986680595
408
7.494882504403344
-0.00821943370502218
409
7.498383183372188
-0.008237392676323419
410
7.501928774200167
-0.008254918673353977
411
7.505335719139639
-0.008271147819357155
412
7.5087012881648585
-0.008286753359487021
413
7.512113489824416
-0.008303057876039579
414
7.515380144472389
-0.008317969569901298
415
7.518674266973217
-0.008334606870933238
416
7.522044422761675
-0.008351701914701866
417
7.52529012464265
-0.008367417047505243
418
7.528602980159667
-0.008382810808201342
419
7.531899971764871
-0.00839752348310081
420
7.53509311868688
-0.008411047662095338
421
7.538228121066726
-0.008423613692552965
422
7.54143527342466
-0.008435726496383106
423
7.544525630980772
-0.008446682548276149
424
7.547588930623512
-0.00845684735205747
425
7.550724209569695
-0.008466530863653367
426
7.55374542590203
-0.008475170508945456
427
7.556766978777286
-0.008483134623467635
428
7.559835354686607
-0.008490530076902487
429
7.56279146733469
-0.008496990060687763
430
7.5657479378409676
-0.008502798251418711
431
7.56875111009017
-0.008508036313654306
432
7.571644616893117
-0.008512443777966224
433
7.574514420701011
-0.008516202295243795
434
7.577453374569347
-0.008519424114723794
435
7.580286368414266
-0.008521945543255556
436
7.583096488727632
-0.008523888556218375
437
7.585974566785192
-0.008525298514353817
438
7.588748871853091
-0.008526080088198567
439
7.59150037178238
-0.008526286306590245
440
7.594317673557744
-0.008525905111903428
441
7.597032298827403
-0.008524978927182306
442
7.599722946920222
-0.008523512631754578
443
7.602476068969463
-0.008521438150221973
444
7.605128101907131
-0.008518901965618452
445
7.607757605777474
-0.008515854600317509
446
7.610445157216821
-0.008512119692407841
447
7.613023561131405
-0.008508754954479236
448
7.6155555063443
-0.008505561880177658
449
7.618123173078141
-0.008499439097167435
450
7.620625124618949
-0.008494694500149568
451
7.623153625010283
-0.008490374993010998
452
7.625742153851565
-0.008485119887075654
453
7.628236295549408
-0.008479548604753763
454
7.630709498818698
-0.008473497126531135
455
7.63324167368645
-0.008466741084949101
456
7.635682180357521
-0.008459685060923835
457
7.638102738464612
-0.00845214837157928
458
7.640582316684254
-0.008443873333773073
459
7.6429726637623885
-0.008435366612560264
460
7.645343592982964
-0.008426416830938819
461
7.647771942920315
-0.00841672213452187
462
7.650111987713288
-0.008406880836063156
463
7.652430968843877
-0.008396651574164311
464
7.654804052110169
-0.00838569560433982
465
7.657091377839569
-0.008374688852222568
466
7.6593609003725165
-0.008363337960352895
467
7.661686184400608
-0.008351293892541262
468
7.663928495527584
-0.008339405995838024
469
7.666153343668641
-0.008327245438330261
470
7.668432667124085
-0.008314386631346558
471
7.670630562690924
-0.008301441929493537
472
7.672811334907108
-0.008288164966389443
473
7.675045546489157
-0.008274145683943423
474
7.677199952476335
-0.008260238488133443
475
7.679337564274453
-0.008246072999669186
476
7.681528070351834
-0.008231183417355495
477
7.683640504332731
-0.008216479743853063
478
7.68573661684082
-0.008201562835565945
479
7.687884113261622
-0.008185931299674152
480
7.689954895573762
-0.008170523301144863
481
7.692009499088807
-0.008154913737790027
482
7.694114364495025
-0.008138593782696367
483
7.696143863983079
-0.00812254592574987
484
7.698157187090522
-0.008106331768547035
485
7.700219232281627
-0.00808942811238598
486
7.702206923140114
-0.008072848301141187
487
7.7041783379188455
-0.008056127410938153
488
7.706197179987837
-0.008038726295326109
489
7.708143109005069
-0.008021694501936717
490
7.710072736362815
-0.008004541526384077
491
7.712047404299662
-0.007986746700994682
492
7.713953164688038
-0.007969320363515065
493
7.715837806772247
-0.007951931849535809
494
7.717766573340169
-0.00793378501232772
495
7.719612701462689
-0.00791591829162745
496
7.7214284876711545
-0.00789666431593038
497
7.7232917819284115
-0.007876886084122455
498
7.725118952101069
-0.007857882730598589
499
7.726924658018026
-0.00783846676066765
500
7.728771155341987
-0.007818415848475617
501
7.730549700188034
-0.007798896017578197
502
7.732314882373901
-0.007779337906538152
503
7.734123670298063
-0.007759086738641415
504
7.735868465269107
-0.00773935560619321
505
7.737600664959125
-0.007719577430367201
506
7.739375865680071
-0.007699115031698519
507
7.741143415851184
-0.007678547650463056
508
7.742843876492231
-0.007658593481790786
509
7.74458214462057
-0.007638019177331542
510
7.746258564601689
-0.0076180161833369255
511
7.747922482388125
-0.007598012578341386
512
7.749627708694868
-0.007577363262081278
513
7.751272013346864
-0.007557315198125857
514
7.752916506239578
-0.007537134776709569
515
7.754584563926422
-0.0075165378878323235
516
7.756188567012311
-0.0074966184394308286
517
7.7577770893548
-0.007476788045523151
518
7.75940362068377
-0.007456382506953619
519
7.760973599631542
-0.007436595322822763
520
7.7625332290134335
-0.007416856675002397
521
7.764132884339904
-0.0073965336506041255
522
7.765676897723938
-0.007376849771664166
523
7.767210168164325
-0.007357243236742215
524
7.768782189163021
-0.00733708584508472
525
7.770299038704889
-0.00731758946071064
526
7.773348494475477
-0.007278281928326847
527
7.773348494475477
-0.007278281928326847
528
7.774846891273145
-0.007258923273737034
529
7.7762848346200695
-0.007240321655696419
530
7.777800533689476
-0.007220697316471414
531
7.779265838402906
-0.007201718361406672
532
7.780720094435307
-0.007182882385987997
533
7.782209973798221
-0.007163590743016348
534
7.783646599686058
-0.007144999829766652
535
7.785072001200034
-0.007126570679097167
536
7.786540790072879
-0.007107601706787905
537
7.787949418133161
-0.007089435241220401
538
7.789348445928923
-0.007071425195060749
539
7.790827239153959
-0.007052426732854091
540
7.792208810168667
-0.007034720480873204
541
7.79362225445824
-0.007016652166090269
542
7.795023896233263
-0.006998787409764515
543
7.7963719288679
-0.006981662702838738
544
7.797710046311255
-0.006964722700592598
545
7.7990815466579
-0.006947425034813489
546
7.800404499431554
-0.006930808708198182
547
7.801717461238615
-0.006914391167867779
548
7.803069996737347
-0.00689755895523841
549
7.804367436963071
-0.00688149032475486
550
7.805654284072473
-0.006865633181765752
551
7.806972987092169
-0.00684946948039318
552
7.808244624607591
-0.006833969751480477
553
7.809506686804942
-0.006818681894124733
554
7.810799641558096
-0.006803112666620161
555
7.812046327941606
-0.00678819079302523
556
7.81328303090063
-0.006773476994227783
557
7.814549572177416
-0.006758515829053066
558
7.815770750174103
-0.0067441934876230625
559
7.816983494243259
-0.006730061244767073
560
7.818228505719355
-0.00671568869380434
561
7.819427323890497
-0.006701917893479253
562
7.820618563957671
-0.006688252121853864
563
7.821836738810697
-0.0066749776468957925
564
7.82299797582926
-0.0066623545175276975
565
7.824112800560961
-0.006647942222929963
566
7.825241783944926
-0.0066323648231255165
567
7.826354875067706
-0.006618287208540496
568
7.827481449748215
-0.006604854202242104
569
7.828636065027263
-0.006590342110967702
570
7.829765615893341
-0.0065760306561340595
571
7.830894466630771
-0.006561876688128269
572
7.832050912970487
-0.006547483797803226
573
7.833162708007574
-0.006533744930313879
574
7.8342634946748175
-0.006520246703770288
575
7.835390505877481
-0.006506536122611761
576
7.836477066887668
-0.006493415332455032
577
7.8375550143902215
-0.006480494308160698
578
7.8386592424720325
-0.006467357195278885
579
7.839723978017521
-0.006454784680370192
580
7.840780329988514
-0.006442403506326701
581
7.841862511323967
-0.006429815051945522
582
7.842905981885496
-0.006417769035913521
583
7.843940962328387
-0.006405911291561858
584
7.845000503404925
-0.006393865412460325
585
7.846021571431969
-0.006382347203779908
586
7.8470338941917275
-0.0063710158601491184
587
7.848070030773143
-0.006359510789282312
588
7.849067978562169
-0.006348517108508239
589
7.850056988871134
-0.006337709259040841
590
7.851068844265456
-0.006326742550975224
591
7.852043082516843
-0.006316270211704508
592
7.853017454495995
-0.006305882049835505
593
7.854012056233914
-0.006295366231376645
594
7.85496103530253
-0.006285418988973197
595
7.855910081266312
-0.006275553985177296
596
7.856874607532597
-0.006265620977332962
597
7.857804406922917
-0.006256131093621607
598
7.858727299061367
-0.0062467973065454254
599
7.859672719624157
-0.0062373246637191905
600
7.860584317662358
-0.0062282760351919635
601
7.86148967608567
-0.006219372467222646
602
7.862418117234541
-0.006210328602722166
603
7.863314192329836
-0.006201681072785027
604
7.864203971940112
-0.006193173141702974
605
7.86511619964765
-0.0061845327917461335
606
7.865996379827658
-0.006176275239312448
607
7.866899902518625
-0.006167882025330014
608
7.867795771860401
-0.006159633665874674
609
7.868658036180343
-0.006151771932217505
610
7.869513887264043
-0.006144042364939034
611
7.870391210262222
-0.006136195365925406
612
7.871237649485882
-0.006128697334089689
613
7.872077901788708
-0.006121324151231649
614
7.872939143789593
-0.006113838478499134
615
7.873769969409883
-0.006106684873087268
616
7.874594838918347
-0.006099647417055171
617
7.875440238955024
-0.006092500856099409
618
7.876255675602444
-0.006085669646098402
619
7.877064958472237
-0.006078949110363516
620
7.877894283875936
-0.006072122012808856
621
7.8786941774559205
-0.0060655930848487515
622
7.879488007135112
-0.006059166365566841
623
7.880301463497287
-0.0060526343099241275
624
7.8810859973685865
-0.006046384212265165
625
7.881864492162979
-0.006040228694667822
626
7.882662098735578
-0.00603396750162988
627
7.883456678355244
-0.0060277742110039995
628
7.884219926832008
-0.00602186256790198
629
7.884999902270241
-0.006015859813540271
630
7.885776486076414
-0.006009919214281451
631
7.886522070951258
-0.006004246199027974
632
7.887283661283479
-0.0059984820080631425
633
7.888017289350506
-0.005992956907938922
634
7.888744413266093
-0.005987505297504939
635
7.889488480588572
-0.00598194957882461
636
7.8902050237739525
-0.00597661936224428
637
7.890915130384863
-0.005971354311108066
638
7.891641652507662
-0.005965982478755629
639
7.89234131423397
-0.005960821176109232
640
7.893034716941935
-0.005955715169396065
641
7.893744582979149
-0.0059504945432185515
642
7.894428814598638
-0.005945466329897898
643
7.895107631673849
-0.005940478957023008
644
7.895807102522366
-0.005935337579696619
645
7.896500873458159
-0.005930238947410233
646
7.897194877250051
-0.005925129451379712
647
7.897876604165646
-0.005920107640388807
648
7.898532647262016
-0.00591526104741187
649
7.899184448042896
-0.005910431128140215
650
7.899853211041734
-0.00590545682945282
651
7.900499010245156
-0.005900632468753222
652
7.9011408533514285
-0.005895814292455853
653
7.901799310543137
-0.005890843078874529
654
7.902435157697321
-0.00588601269426834
655
7.9030667735131095
-0.005881183139759847
656
7.903714549459893
-0.005876193278063408
657
7.904339797763951
-0.005871339194559657
658
7.90496072541433
-0.005866453880212493
659
7.905597372470465
-0.005861320601654237
660
7.906211731360429
-0.005856297941799191
661
7.90684253360575
-0.005851145891322923
662
7.907468082843346
-0.0058459235822704925
663
7.908070298059451
-0.005841000704786334
664
7.908672377708893
-0.00583600168763742
665
7.909285446976316
-0.005830919260555953
666
7.909876874105836
-0.0058259322086450585
667
7.910464118145154
-0.005820921896617498
668
7.911066171709777
-0.005815716340964409
669
7.9116470862469574
-0.005810626438678957
670
7.91222784005477
-0.005805444086316012
671
7.912819050228468
-0.005800135983357224
672
7.9139551813085784
-0.005789680792980236
673
7.9139551813085784
-0.005789680792980236
674
7.914538067564069
-0.005784164251478975
675
7.915097702184053
-0.005778826791226864
676
7.9156539532198975
-0.005773404088008633
677
7.916224019861638
-0.005767750126515457
678
7.9167736934471415
-0.0057621985695019105
679
7.917319008164373
-0.005756587891785648
680
7.917877730416103
-0.005750731902280601
681
7.918433396005963
-0.0057448133412181385
682
7.9189658610644305
-0.005738764134398432
683
7.919505980907917
-0.005732826033593987
684
7.920025829321602
-0.005727169915854199
685
7.920538547231946
-0.005721470856701969
686
7.92106409267275
-0.005715615118033975
687
7.9215696995901395
-0.005709931997337359
688
7.922071472367874
-0.00570425031452389
689
7.922584553900164
-0.005698381998958089
690
7.923076447326322
-0.005692623859106483
691
7.923554140208103
-0.0056870642535618915
692
7.9240402279822115
-0.005681612415682271
693
7.9245133160622885
-0.005676022217654867
694
7.924985013171305
-0.005670589751895186
695
7.925466787560061
-0.005664829894337162
696
7.925927780524838
-0.005658755160802176
697
7.926380703776905
-0.005652760112679651
698
7.926836947703457
-0.005646251595656296
699
7.927268490626527
-0.005636685418803884
700
7.927689447269852
-0.005629131918662711
701
7.928127166147129
-0.005622034290747865
702
7.9285736541336895
-0.005615532347374866
703
7.92955540534165
-0.005602273181375353
704
7.92955540534165
-0.005602273181375353
705
7.930026791366419
-0.005595551161236604
706
7.930498707236991
-0.0055888033214665225
707
7.9309880456978
-0.0055815337486786205
708
7.931447693964468
-0.0055746153859327205
709
7.931901364415189
-0.005567604412086876
710
7.932361904813221
-0.005560292879182078
711
7.932806771059318
-0.00555308558194312
712
7.933246846944336
-0.005545779640094216
713
7.93369667818713
-0.005538132063520484
714
7.9341297312338845
-0.005530596378262447
715
7.934558833974524
-0.0055229578712667265
716
7.934997981622462
-0.005514959729815503
717
7.935420974536376
-0.005507077945150889
718
7.935840316034585
-0.005499089450514105
719
7.936283664484179
-0.005490450157790078
720
7.936697649370469
-0.005482213586762608
721
7.937107131282535
-0.0054738889085830114
722
7.937526463276516
-0.005465175412116055
723
7.937930837782705
-0.005456589918024639
724
7.9383321172285735
-0.00544788991507359
725
7.93874328792715
-0.005438785216241918
726
7.939139865521589
-0.005429819005835338
727
7.939533532933048
-0.005420736394601834
728
7.939936963090631
-0.0054112364823770635
729
7.940326103689171
-0.005401887015232329
730
7.9407123174894885
-0.005392424463918639
731
7.94110819571237
-0.005382531989670495
732
7.941490066558134
-0.005372802445268753
733
7.941869067812607
-0.005362961783545205
734
7.9422575601014564
-0.005352680950708278
735
7.942632303662475
-0.005342576353048003
736
7.943017077370989
-0.0053320047644071075
737
7.943398350302302
-0.005321347172401896
738
7.943765226389947
-0.005310905364357208
739
7.944129329612527
-0.005300357978073795
740
7.944502560513321
-0.005289352696553957
741
7.94486271318497
-0.005278545744291604
742
7.945220325095269
-0.005267631243156171
743
7.9455868854189715
-0.005256250998393214
744
7.94594050290999
-0.005245086314049726
745
7.946291500670154
-0.005233821785751633
746
7.94665125142204
-0.005222085060586593
747
7.947000408631364
-0.005210507109883949
748
7.947344871680137
-0.005198905023662874
749
7.947697835512184
-0.005186827362571185
750
7.948029122496271
-0.005175318177587224
751
7.948367032520876
-0.005163391168211125
752
7.94871475073401
-0.005150928838501987
753
7.949050213470436
-0.005138725163357306
754
7.949735575252793
-0.005113244658377811
755
7.949735575252793
-0.005113244658377811
756
7.950066552588503
-0.005100675926362187
757
7.9503921510736495
-0.005088139301445842
758
7.950726042960963
-0.005075101880604993
759
7.951048097944645
-0.005062351996607914
760
7.9513676808206215
-0.0050495295710567675
761
7.951695151731204
-0.005036212789073859
762
7.952010972726611
-0.005023198615336644
763
7.952324378267501
-0.0050101171009602034
764
7.95264551364918
-0.004996538926597153
765
7.952965611030004
-0.004982825503292387
766
7.953283647858646
-0.004969036769229923
767
7.9535979360888795
-0.004955253524478715
768
7.953899630895054
-0.0049418606493421
769
7.954198512242793
-0.004928434239441672
770
7.954504182137613
-0.004914537997735581
771
7.954798155552095
-0.004901015501576548
772
7.9550978950182385
-0.004887063705684377
773
7.955394851121748
-0.004873092632703942
774
7.955679922435311
-0.004859527629877586
775
7.955962550996863
-0.004845929172317044
776
7.956252467826788
-0.004831823697932754
777
7.956532943232365
-0.0048180271280263065
778
7.956812092583432
-0.004804149767567038
779
7.957098825033141
-0.0047897439888493635
780
7.957376069340001
-0.004775669925807503
781
7.957651714071626
-0.0047615366471928
782
7.957934370855408
-0.004746898540648341
783
7.958207230934673
-0.004732628791415341
784
7.958478473678961
-0.004718308677799183
785
7.958756699967139
-0.0047034802213975725
786
7.959024963014555
-0.004689049768927735
787
7.959291066088612
-0.0046746067384646345
788
7.959563815309446
-0.004659669365228207
789
7.959827170665081
-0.00464511872594893
790
7.960088985102048
-0.004630529500523477
791
7.960357664436441
-0.004615429826173849
792
7.960616993965538
-0.004600733973584972
793
7.960874405906684
-0.004586029466442879
794
7.961138164201182
-0.004570841129758127
795
7.961392422062617
-0.004556084601074172
796
7.961644510077178
-0.004541342912895079
797
7.961902477581067
-0.004526142693307652
798
7.962150911085588
-0.004511395322390868
799
7.962397251608888
-0.00449666702605345
800
7.962649826815456
-0.004481456211394988
801
7.962893743079127
-0.004466663933144091
802
7.963135912222844
-0.004451878666127386
803
7.9633922815091625
-0.004436114084805669
804
7.96363153344736
-0.004421314967911498
805
7.963868512354918
-0.004406562562750877
806
7.964111311972718
-0.004391351519751776
807
7.964345512174829
-0.004376588082131248
808
7.964578022343981
-0.004361843588931897
809
7.964816285816447
-0.00434664439417243
810
7.9650461316451535
-0.004331897083815562
811
7.965274223220565
-0.00431718086342012
812
7.965507976539912
-0.004302015651135481
813
7.965733464683989
-0.0042873076679079344
814
7.965957220734767
-0.00427263711112131
815
7.966186491298565
-0.004257527431440122
816
7.966407572115568
-0.0042428842991870976
817
7.966626921710398
-0.004228285579461579
818
7.966851635102507
-0.00421325729799622
819
7.967068285621762
-0.0041987002109378285
820
7.967283173742122
-0.004184196645342784
821
7.96750322261693
-0.004169276713266866
822
7.967715263641518
-0.004154836314487844
823
7.967925452769736
-0.004140461609883385
824
7.968140558116937
-0.004125685121149417
825
7.968347729053351
-0.004111393550877914
826
7.968553010644289
-0.004097175611484897
827
7.968763040368008
-0.004082565060757716
828
7.968965301963682
-0.004068439703936562
829
7.9691675868111895
-0.00405430081325414
830
7.969372594235839
-0.004040084410933215
831
7.969569879095894
-0.00402634154819701
832
7.96976545524897
-0.004012620030836324
833
7.96996579787222
-0.003998465095783192
834
7.970158994007912
-0.00398477553606139
835
7.970350717109562
-0.003971152639860882
836
7.970547395378781
-0.003957139354166981
837
7.970737160585047
-0.0039435837054129785
838
7.970925460335278
-0.0039301000971156295
839
7.9711184644748885
-0.003916246853065923
840
7.971304629952924
-0.003902854554918793
841
7.971489381621729
-0.0038895361922640422
842
7.971678689667338
-0.003875861813948591
843
7.9718624532753095
-0.003862564753934413
844
7.972049927136068
-0.0038489683489093805
845
7.972235459770121
-0.003835496037304365
846
7.97241385806013
-0.003822520644355953
847
7.972590757422923
-0.0038096356798637257
848
7.9727719610664725
-0.003796419364795812
849
7.972946621555429
-0.003783664494218865
850
7.973119813243161
-0.0037710027337563463
851
7.973297100450634
-0.0037580283170404022
852
7.973467761814868
-0.0037455273619052022
853
7.97363653621798
-0.0037331546965418748
854
7.97381448836379
-0.00372009906345966
855
7.97397935832826
-0.003707997817343367
856
7.974141323178347
-0.0036961029464727796
857
7.974306093376121
-0.0036839964078924353
858
7.974464041772484
-0.0036723867409948043
859
7.974620021721795
-0.0036609184051965117
860
7.974779385993797
-0.003649198812755115
861
7.974932951877656
-0.003637904327903982
862
7.975085592942695
-0.0036266775238271063
863
7.975248043138684
-0.003614731449040397
864
7.9754000979058475
-0.003603552131232557
865
7.975550864438216
-0.003592470018800482
866
7.975705248985715
-0.0035811266864659657
867
7.97585439545049
-0.003570174032185635
868
7.976002582221288
-0.003559298572462392
869
7.976154475864892
-0.00354815942444288
870
7.976301061442347
-0.0035374186988265444
871
7.976446600730481
-0.0035267644873616995
872
7.976595757908889
-0.0035158570699268215
873
7.976739591447681
-0.0035053510133265706
874
7.976882250461366
-0.0034949433488502585
875
7.97702833748329
-0.003484299891150803
876
7.977169138078266
-0.003474056543871571
877
7.977308736665817
-0.003463915761774508
878
7.977451626529524
-0.003453553040289844
879
7.977589296227381
-0.0034435858878955057
880
7.977725818091647
-0.003433719459746954
881
7.977865612945012
-0.0034236359346098916
882
7.978000372700145
-0.003413935012162792
883
7.9781340616754814
-0.003404330974833918
884
7.978271067443326
-0.003394510472457773
885
7.978403361728594
-0.003385049472132931
886
7.978535023065472
-0.0033756558695314633
887
7.978670509984351
-0.003366013775566381
888
7.978806216622273
-0.003356385007031697
889
7.978937511726366
-0.0033470895137665668
890
7.979072781872737
-0.0033375410759809367
891
7.979203855246861
-0.0033283135548557927
892
7.979334620739645
-0.003319134914573714
893
7.979599322005125
-0.003300641696394162
894
7.979599322005125
-0.003300641696394162
895
7.979729510004816
-0.0032915914320543237
896
7.979862433327133
-0.003282379495498739
897
7.9799907319948735
-0.0032735186567248243
898
7.980118087616145
-0.0032647531171761954
899
7.980248494347713
-0.0032558099674016927
900
7.980374042562605
-0.0032472315583225667
901
7.980498251174017
-0.0032387756813943135
902
7.980624985356635
-0.0032301809585449947
903
7.980746578892259
-0.0032219669325962066
904
7.980866551729634
-0.00321389384500592
905
7.980988888609844
-0.003205695443919853
906
7.981107644231532
-0.0031977721385445875
907
7.981224237349782
-0.0031900236300625878
908
7.981343788346024
-0.003182113905008568
909
7.981459501114788
-0.0031744928691920127
910
7.981575087187831
-0.003166914811387306
911
7.9816945364071685
-0.0031591207781088084
912
7.981810742908952
-0.00315157459332804
913
7.981926833827085
-0.003144071216180758
914
7.98204613231825
-0.0031363974650616038
915
7.982161165002222
-0.003129033335444561
916
7.982275299699184
-0.0031217611209775208
917
7.982392518904973
-0.003114329379132886
918
7.982506066312265
-0.0031071665258546725
919
7.982619173658582
-0.003100066659999165
920
7.982735186723188
-0.0030928212800755486
921
7.982847044561016
-0.0030858707105533676
922
7.982958164515162
-0.0030790006344755213
923
7.983075891547433
-0.003071766345165154
924
7.983186213562361
-0.003065015012972848
925
7.983295504595659
-0.0030583608384504
926
7.983407512757506
-0.0030515774300122547
927
7.9835157117267626
-0.0030450597178787306
928
7.983623261103961
-0.0030386151729861655
929
7.983734004686632
-0.0030320172731685114
930
7.983840395573194
-0.0030257098530344193
931
7.983946215278917
-0.0030194699752575244
932
7.984054859339032
-0.0030130988206517597
933
7.984159606831373
-0.003006989505930981
934
7.984263551882179
-0.0030009593518393143
935
7.984370179719331
-0.002994807792987534
936
7.9844730435972755
-0.002988905919562178
937
7.98457510047972
-0.0029830817314552317
938
7.984679736307659
-0.002977143479541368
939
7.984780682774315
-0.0029714461082871488
940
7.98488085528294
-0.0029658227723302548
941
7.984983535653875
-0.002960090555303254
942
7.9850825846194935
-0.0029545913744481998
943
7.9851840636391405
-0.0029489938285669898
944
7.985284857034602
-0.0029434565001504607
945
7.9853818679555175
-0.002938155932731826
946
7.985478143489532
-0.002932923425489131
947
7.985576823813197
-0.0029275894033453983
948
7.985672018411446
-0.0029224714079321723
949
7.985766512946756
-0.0029174175453156653
950
7.985863355559798
-0.002912265715138744
951
7.985956767617071
-0.002907322449384859
952
7.986049504827703
-0.0029024399008713555
953
7.986144535233279
-0.0028974625577468283
954
7.986236189120448
-0.0028926864851313884
955
7.98632714780502
-0.0028879699571435994
956
7.986420346084419
-0.0028831614868264866
957
7.986510227837073
-0.002878546837536493
958
7.986599423378804
-0.0028739890507370252
959
7.9866936750920745
-0.0028692017487304032
960
7.986781827563193
-0.002864738136953101
961
7.986869121910563
-0.0028603380159025345
962
7.986958556416072
-0.002855850506532324
963
7.987044819414311
-0.002851541242486784
964
7.987130439605775
-0.00284728216227177
965
7.98721817938251
-0.0028429361938857025
966
7.987302805603916
-0.0028387616365372456
967
7.987386791971693
-0.0028346348108867652
968
7.987472847834933
-0.002830422467292188
969
7.987555841855915
-0.002826375329767217
970
7.987638201831181
-0.002822373455850755
971
7.987722586782961
-0.002818287666753906
972
7.987803964919658
-0.0028143606822179693
973
7.987884716642819
-0.002810476204245048
974
7.987967450174354
-0.002806508744893735
975
7.9880472313259245
-0.0028026940361505883
976
7.988126391044811
-0.002798919363927334
977
7.988207502135359
-0.0027950619153613073
978
7.988285707919744
-0.0027913517387166313
979
7.9883632959384885
-0.002787679194016517
980
7.988442774792262
-0.0027839252727204925
981
7.988519407146542
-0.0027803130129343268
982
7.988595436128123
-0.002776735506295832
983
7.98867332046359
-0.0027730766723374485
984
7.988748416939994
-0.0027695539574371176
985
7.988822922769919
-0.002766063313624832
986
7.988899247904258
-0.0027624912880663977
987
7.988972853118296
-0.0027590497243279452
988
7.989045904002387
-0.0027556374869833716
989
7.989120777550778
-0.0027521460165975758
990
7.989192990964892
-0.0027487844445058624
991
7.9892646494332435
-0.002745453733258532
992
7.9893384912839815
-0.002742018180106384
993
7.989409315536666
-0.0027385952226584727
994
7.989479621702402
-0.0027351257137534306
995
7.989551684640808
-0.002731653613742133
996
7.989621139624541
-0.0027284415058001464
997
7.989690007730773
-0.0027252556950540002
998
7.989760512765843
-0.0027219885324244026
999
7.989828464058346
-0.002718834342581798
1000
7.9898958533066144
-0.0027156992170741076
1001
7.989964866763829
-0.0027124774396132326
1002
7.990031857477608
-0.0027093227092654017
1003
7.990097843979551
-0.0027062389051614186
1004
7.9901654034468805
-0.0027030562982063256
1005
7.990230528819984
-0.0026999788629841486
1006
7.990295143879698
-0.0026969158793120735
1007
7.990361329718555
-0.002693767048214571
1008
7.9904251367417505
-0.002690720362041699
1009
7.990488429236499
-0.0026876872835059984
1010
7.9905532622254505
-0.002684567983303223
1011
7.990617916863814
-0.002681441025864793
1012
7.990679960361947
-0.002678430542797842
1013
7.990743372735564
-0.00267533780384778
1014
7.990804519350274
-0.00267234007593912
1015
7.99086520261525
-0.002669349442368773
1016
7.99092739644849
-0.0026662673652529706
1017
7.99098738992567
-0.0026632775306310095
1018
7.991047387477659
-0.0026602692911351757
1019
7.991108416774879
-0.0026571936650590946
1020
7.991167252875095
-0.002654210372027261
1021
7.991225633379371
-0.0026512326970744645
1022
7.99128546011025
-0.0026481623618847326
1023
7.991343162733993
-0.002645182392841752
1024
7.991400424916006
-0.0026422066901471363
1025
7.991459107317126
-0.002639137066972135
1026
7.991515705245982
-0.002636157085184511
1027
7.991571864402319
-0.0026331810704672666
1028
7.991629408338124
-0.0026301105301108174
1029
7.9916849013239295
-0.002627128704472164
1030
7.991739959950445
-0.0026241497787649532
1031
7.991798404442298
-0.0026209579874328214
1032
7.9918528247165
-0.0026179710670564504
1033
7.991906659103526
-0.0026149947777717917
1034
7.991961816443796
-0.002611921722137209
1035
7.9920150268912895
-0.0026089340272750987
1036
7.992067830343665
-0.0026059465282365535
1037
7.992121944843212
-0.0026028601526101964
1038
7.992174135363971
-0.0025998594594939233
1039
7.992225918751327
-0.0025968585948843528
1040
7.992278981978996
-0.0025937578987186606
1041
7.992330153428362
-0.0025907427935648827
1042
7.992382853824467
-0.00258760401815912
1043
7.992434887168051
-0.0025844874143853514
1044
7.992484908181473
-0.0025814661944059468
1045
7.9925346249363605
-0.00257843585184644
1046
7.9925856732558955
-0.002575295140608918
1047
7.992634999178547
-0.0025722323235417323
1048
7.992684034179012
-0.0025691602770131737
1049
7.992734358603215
-0.002565978720973732
1050
7.992782971004852
-0.0025628777623782875
1051
7.992831274898026
-0.0025597696534875106
1052
7.992880827454019
-0.0025565529672904896
1053
7.992928666215476
-0.0025534204081410564
1054
7.9929761840387386
-0.0025502825203389478
1055
7.9930249146239145
-0.0025470368222966274
1056
7.993071945919862
-0.0025438776797343686
1057
7.993118649764842
-0.002540714677255243
1058
7.993166534376575
-0.0025374444924959514
1059
7.99321273945597
-0.0025342628798772407
1060
7.993258612273437
-0.0025310787906623906
1061
7.993305634500615
-0.0025277882210036095
1062
7.993350998527726
-0.0025245880683946913
1063
7.993396028321119
-0.0025213866360681418
1064
7.993442178721751
-0.0025180793577247907
1065
7.993486695195419
-0.0025148640506470026
1066
7.993530877914194
-0.002511648487994521
1067
7.993576153820995
-0.0025083277160956275
1068
7.993619822283889
-0.002505100203071429
1069
7.9936631592677
-0.002501873324654469
1070
7.993707560038023
-0.0024985421770838106
1071
7.993750393293212
-0.002495304320859566
1072
7.99379292187324
-0.002492066017584209
1073
7.993836492500127
-0.0024887241842235877
1074
7.993879860762909
-0.0024853694431149756
1075
7.993921532284072
-0.002482127883242637
1076
7.99396410476671
-0.0024787926601315033
1077
7.994005110715035
-0.0024755576555786
1078
7.994045757906489
-0.0024723292203114164
1079
7.994087343164041
-0.0024690034394290188
1080
7.99412737782932
-0.002465779859847123
1081
7.9941670266589835
-0.002462566321855333
1082
7.994207566681474
-0.0024592583989235207
1083
7.994246576022724
-0.002456054210662261
1084
7.994285192464616
-0.0024528619066694225
1085
7.994324662662301
-0.00244957761229192
1086
7.994362630489848
-0.0024463978991729426
1087
7.9944002051525285
-0.002443231426044038
1088
7.994438601271311
-0.002439974947821748
1089
7.994475528605427
-0.0024368232318779876
1090
7.994512067283703
-0.002433685617689831
1091
7.994549400001517
-0.002430459680460292
1092
7.994585300831636
-0.0024273382797416155
1093
7.994620820649837
-0.00242423153706493
1094
7.994657109557485
-0.002421038009379914
1095
7.994692003791221
-0.0024179486217484163
1096
7.994726523997433
-0.0024148744807169884
1097
7.994762944299374
-0.0024116064689236015
1098
7.994796853380345
-0.002408550805559629
1099
7.994830324388973
-0.00240551769745457
1100
7.994864504706158
-0.0024024021575835526
1101
7.994897677005405
-0.002399359526482651
1102
7.994930184529224
-0.0023963626117998148
1103
7.994963368271675
-0.00239328575537543
1104
7.994995267082631
-0.0023903112180302033
1105
7.9950268020391295
-0.0023873545481695006
1106
7.995058989219678
-0.002384319744473062
