1
0.0
0.0
2
0.0
0.0
3
0.0
0.0
4
0.0
0.0
5
0.0
0.0
6
0.0
0.0
7
0.0
0.0
8
0.0
0.0
9
0.0
0.0
10
1.4999822674757883
-3.950590040805433e-08
11
1.4999822674757883
-3.950590040805433e-08
12
1.4994072200376298
-6.66762130651607e-08
13
1.4977908623825276
-8.512283115186068e-08
14
1.4951318277434638
-1.361903091178087e-07
15
1.4924592048184862
3.1985629728591223e-07
16
1.4907557335311583
6.825721871028023e-07
17
1.4900524915325606
8.869206265431939e-07
18
1.4902932854042878
8.847574156874014e-07
19
1.4907874373084937
8.858119348290217e-07
20
1.4911458785579974
9.083775612249013e-07
21
1.491328031081808
9.197278554507227e-07
22
1.49131830094064
8.461461068221361e-07
23
1.4911279579349939
9.410607590668011e-07
24
1.4907608980114564
9.749932963478241e-07
25
1.490252428239184
1.0006371081682423e-06
26
1.4895988434145393
1.0263243239365627e-06
27
1.4887895868982035
1.053635646442871e-06
28
1.4878831874847396
1.0806680650245523e-06
29
1.486862832174029
1.1099139263474642e-06
30
1.485704560704456
1.1443476525107819e-06
31
1.484483878023939
1.1679547820378964e-06
32
1.483171056503553
1.1957750523958888e-06
33
1.4817324589272467
1.2263629367451915e-06
34
1.480259075344006
1.2558384690164828e-06
35
1.4787120495112394
1.2829175066484063e-06
36
1.4770494139900248
1.3082385667503636e-06
37
1.4753741098642064
1.3333465204140665e-06
38
1.473639949065682
1.3566973282438935e-06
39
1.471798391006132
1.3779732492816885e-06
40
1.4699617147999617
1.3956832702616346e-06
41
1.468077941872715
1.4077832988923019e-06
42
1.466093478722348
1.4020797798423473e-06
43
1.4641284725513857
1.3856591988983925e-06
44
1.4621263466048329
1.3623079642909183e-06
45
1.4600291111024128
1.3327428518229925e-06
46
1.4579628651034553
1.2982096053367897e-06
47
1.4558669040464
1.2421606407261678e-06
48
1.4536784963445208
1.1456002564760448e-06
49
1.451530503308125
1.0072116051079454e-06
50
1.4493500810832056
-7.295141991557822e-07
51
1.4471252697181114
-5.05092704718921e-07
52
1.4450301692741427
1.3310066356407259e-06
53
1.4429197870210364
2.211356735033741e-06
54
1.4406596485318157
2.4952834733648795e-06
55
1.4383855037903
2.418865060673448e-06
56
1.4360927686690756
2.254919353495739e-06
57
1.4337176596772965
2.1308146870394514e-06
58
1.4314009238172944
2.101637766600997e-06
59
1.4290729833636704
2.092335946675146e-06
60
1.4266639106025296
2.1057656622625624e-06
61
1.4243236158942172
2.139520550115242e-06
62
1.4219874176215093
2.1955066859259205e-06
63
1.4195998630671594
2.2762351830550285e-06
64
1.4173188143522664
2.376326256589328e-06
65
1.415086376141644
2.493824337605846e-06
66
1.4128435422706012
2.6298319583474172e-06
67
1.4107290887476474
2.7719418933540444e-06
68
1.4086848908191643
2.9195514747613627e-06
69
1.4066538315524577
3.075223890708077e-06
70
1.4047587542043132
3.225992140081234e-06
71
1.4029451394616845
3.372991020854456e-06
72
1.4011605477980489
3.520229116504238e-06
73
1.3995111054775684
3.6571445710206724e-06
74
1.3979478198502995
3.7867147284703868e-06
75
1.3964197203899544
3.9216476313114705e-06
76
1.3950056186680273
4.03893218939304e-06
77
1.393648915227957
4.158253948687784e-06
78
1.3923048841961159
4.281194443673901e-06
79
1.3910324973173698
4.403031391774412e-06
80
1.389846508253215
4.516058117874611e-06
81
1.388696123004562
4.621806941502795e-06
82
1.3876508366044567
4.720604850186569e-06
83
1.3866822930619678
4.8148668451447115e-06
84
1.3857618678141548
4.90653903712341e-06
85
1.3849441142642183
4.990946240300263e-06
86
1.3842057232223715
5.060009091970616e-06
87
1.3835271961812383
5.1360042814075704e-06
88
1.3829512192303282
5.217818670520587e-06
89
1.3824632629408777
5.29015141989271e-06
90
1.3820486764829072
5.364692766540611e-06
91
1.3820486764829072
5.364692766540611e-06
92
1.3814903536774665
5.520384917444694e-06
93
1.3813009893881973
5.639686279142961e-06
94
1.381207121223865
5.63736515690347e-06
95
1.3811829662842188
5.391986303820297e-06
96
1.381224309571341
5.546069396261365e-06
97
1.3813263357286496
5.725584902957264e-06
98
1.3814888503175546
5.816441412545669e-06
99
1.381718621797974
5.8219418299341055e-06
100
1.3819993420799248
5.858178683772307e-06
101
1.3823313870679526
5.908162530669386e-06
102
1.3827228057411545
5.974100029179275e-06
103
1.383211505505298
6.029936578545523e-06
104
1.3836806352243478
6.136991701092621e-06
105
1.384201542822597
6.238364571793181e-06
106
1.3847510933962477
6.334045620376363e-06
107
1.3853420026104137
6.42977677475327e-06
108
1.3859899890044074
6.548303886781624e-06
109
1.386655379595781
6.675965452399676e-06
110
1.3873568136903978
6.804234017355817e-06
111
1.3881142130763848
6.942436594489005e-06
112
1.3888817194788132
7.082962524278749e-06
113
1.389681351307101
7.229734540762221e-06
114
1.3905361878341216
7.387683072709863e-06
115
1.3913948019394522
7.5472196473651095e-06
116
1.3922821224968478
7.712768022345333e-06
117
1.393224022219442
7.889666970454874e-06
118
1.3941640595211835
8.06654500098453e-06
119
1.3951296952152195
8.266413481290406e-06
120
1.3961492863651892
8.480688128267846e-06
121
1.39716195255433
8.694272567928311e-06
122
1.398197502901905
8.912462503822914e-06
123
1.399286504366149
9.140696607228573e-06
124
1.4003640812254954
9.3643898385351e-06
125
1.4014620955240875
9.589152388583358e-06
126
1.402613099840027
9.820320898088923e-06
127
1.40374799440047
1.0042832243813318e-05
128
1.4049000626208474
1.0262813446882792e-05
129
1.4061019081240398
1.0482746013949992e-05
130
1.4072807992822098
1.0688643186909841e-05
131
1.408473554540055
1.0886286128708496e-05
132
1.4097190495011795
1.1080312416233755e-05
133
1.410943418511698
1.1257547688628005e-05
134
1.412183899033783
1.14222191980191e-05
135
1.4134775815863312
1.1576368965175851e-05
136
1.414747740402646
1.170965597613771e-05
137
1.4160322595052297
1.1824885175744684e-05
138
1.417369514381159
1.1922966622822057e-05
139
1.4186802537650023
1.1996334509231314e-05
140
1.4200036268864813
1.2046403329085461e-05
141
1.421379265614029
1.2071971832847235e-05
142
1.422725778360289
1.207025306233884e-05
143
1.4240834952676142
1.2041825720269334e-05
144
1.4254931056278721
1.1981625218382294e-05
145
1.4268712039323526
1.1891965045666736e-05
146
1.4282590248907447
1.1772341095482558e-05
147
1.4296982161068048
1.1618845981179338e-05
148
1.4311037420313355
1.1441087228404946e-05
149
1.4325178573379005
1.1235547516396472e-05
150
1.4339830800062077
1.0995445096338794e-05
151
1.4354128938177704
1.073565506599352e-05
152
1.436850326875417
1.0450200528124762e-05
153
1.438338626396405
1.0125909730205127e-05
154
1.4397899525175455
9.77302246340156e-06
155
1.4412481675499733
9.3892541523544e-06
156
1.4427572580693218
8.953324366943745e-06
157
1.4442270859805488
8.551820300045284e-06
158
1.4456994771935006
8.090949652105248e-06
159
1.4472129944051346
7.449077235676863e-06
160
1.4486508837104566
4.049251144219814e-06
161
1.4500272197706188
3.5105166470796283e-06
162
1.451424788225194
4.634703282258623e-06
163
1.4528090104690237
5.085433394568125e-06
164
1.4542598651467242
5.087474136507803e-06
165
1.4558361249441052
4.537619504580968e-06
166
1.4573781033972142
4.048041806820488e-06
167
1.4589235969287349
3.552864055213393e-06
168
1.4605184454325746
3.016421018775211e-06
169
1.4605184454325746
3.016421018775211e-06
170
1.4636208853969592
1.931926627530466e-06
171
1.4653154282329417
1.4133414822572596e-06
172
1.4668756894038448
8.480974527309416e-07
173
1.4684271890300202
1.9621135562547044e-07
174
1.4700277684836536
-4.2710110112675846e-07
175
1.4715841749062526
-1.0455082106110425e-06
176
1.4731434708934652
-1.6831889407046992e-06
177
1.4747523850138995
-2.3623105924582284e-06
178
1.476315876444957
-3.0448020834622865e-06
179
1.4778808998065436
-3.7521366577707834e-06
180
1.4794945091812892
-4.508998827107983e-06
181
1.4810617035207507
-5.273347185984576e-06
182
1.4826295941898064
-6.068705126029482e-06
183
1.4842449548234493
-6.922441016322522e-06
184
1.4858123676702117
-7.786908531714663e-06
185
1.487378973391872
-8.687784564993634e-06
186
1.4889919670153602
-9.653594048702565e-06
187
1.4905561523288098
-1.0631520986791293e-05
188
1.4921186372698476
-1.1651211914375575e-05
189
1.4937268649603608
-1.2747658297496704e-05
190
1.4952855952263697
-1.3859496002533029e-05
191
1.4968459317529594
-1.5023949613377006e-05
192
1.4984516285807388
-1.6278579151233318e-05
193
1.5000066500589013
-1.7550871867705636e-05
194
1.5015577022061075
-1.8878783329274903e-05
195
1.5031524978733732
-2.0308341709036954e-05
196
1.5046963127038588
-2.175695767628134e-05
197
1.50623403697078
-2.3265957171861873e-05
198
1.5078138317933638
-2.4886983044465416e-05
199
1.5093432696870985
-2.652968454121622e-05
200
1.5108687185597567
-2.8242134795289024e-05
201
1.5124402116736295
-3.008602215570021e-05
202
1.5139619518475542
-3.195123881305126e-05
203
1.5154789726988742
-3.3891553672773974e-05
204
1.5170369787838847
-3.597185787750445e-05
205
1.518544233766209
-3.807123726807776e-05
206
1.5200463255788268
-4.025114006284197e-05
207
1.5215888120780847
-4.2583415722638546e-05
208
1.523085238836249
-4.4939014356020344e-05
209
1.5245771580182004
-4.7380911663388814e-05
210
1.5261091616875437
-4.9987273150509855e-05
211
1.5275912152890174
-5.260534118347346e-05
212
1.5290683629544448
-5.5312229804478345e-05
213
1.53058541581005
-5.8195527792935503e-05
214
1.5320531992484154
-6.108227074687236e-05
215
1.5335163166162598
-6.405460197224063e-05
216
1.5350193774966352
-6.720615874871981e-05
217
1.5364740896201154
-7.035051580738017e-05
218
1.537924456650626
-7.357708710182787e-05
219
1.5394142230445946
-7.698570747246459e-05
220
1.540855807073701
-8.037457216303703e-05
221
1.542293025662387
-8.385187913696437e-05
222
1.5437694921939058
-8.753867244955672e-05
223
1.545198251592689
-9.116287160698706e-05
224
1.5466225572487085
-9.487645163982166e-05
225
1.5480860383029427
-9.878831077546073e-05
226
1.5494987050085165
-0.00010268505126418496
227
1.5508954524190333
-0.0001069376190272163
228
1.5522847929775512
-0.00011138475131381507
229
1.5535758513096158
-0.00011317090506473559
230
1.554861675529711
-0.00011576349638576287
231
1.5562230002429729
-0.00011913508694133269
232
1.557610605781512
-0.00012313772934179423
233
1.5590284968831052
-0.00012742011432716042
234
1.5604843393275485
-0.00013190245901986773
235
1.5618919775660434
-0.00013634426836379058
236
1.5632945997172851
-0.00014088262548349304
237
1.5647350734789733
-0.00014565606137387736
238
1.5661290286113352
-0.00015041304228920145
239
1.5675189302875292
-0.000155260212401168
240
1.568947222110707
-0.0001603464861387585
241
1.5703300292231088
-0.00016537221496978053
242
1.5717095652839277
-0.00017047801584151633
243
1.5731278279181036
-0.0001758329199302126
244
1.574501529760452
-0.00018112218322664293
245
1.5758724179442976
-0.0001865030926090759
246
1.5772821503580647
-0.00019214499559959273
247
1.5786478981526688
-0.00019771702473305147
248
1.5800111286167684
-0.00020338460192326495
249
1.5814132397379077
-0.00020932695519484162
250
1.582771866567768
-0.00021518376753561344
251
1.58412824389202
-0.00022113135501496825
252
1.5855235021235896
-0.0002273643407840976
253
1.5868756124915662
-0.00023351686301143095
254
1.5882255931725906
-0.00023977391831988586
255
1.589618561436516
-0.0002463503460888226
256
1.590968888205308
-0.0002528318347595768
257
1.5923166693443516
-0.0002594086060710749
258
1.5937026780867294
-0.00026629056715123925
259
1.5950454371344682
-0.0002730756727825017
260
1.596385749900957
-0.0002799645586601306
261
1.5977643571970304
-0.0002871726694666326
262
1.5991002701781485
-0.0002942769371590649
263
1.600434044295381
-0.00030148779980108335
264
1.6018061681898492
-0.0003090295868727868
265
1.6031359841575306
-0.0003164591738386169
266
1.6044638304655836
-0.0003239963714151551
267
1.6058299923831427
-0.00033187505131829513
268
1.6071542036090831
-0.0003396323272669685
269
1.6084764914442324
-0.0003474968290833686
270
1.6084764914442324
-0.0003474968290833686
271
1.6111531540272452
-0.0003637783506430536
272
1.6125522372268215
-0.00037253390785790987
273
1.6139047517036846
-0.0003810261600515886
274
1.6152077354152843
-0.00038936532306224966
275
1.6165095837489885
-0.00039781972595094415
276
1.6178504775983338
-0.0004066506531687107
277
1.619151527426942
-0.0004153378870347419
278
1.6204520848623853
-0.00042414012569330504
279
1.6217915074850842
-0.0004333241772489932
280
1.6230909523855948
-0.00044234971717830397
281
1.6243935855095013
-0.00045151261287519753
282
1.6257352403495362
-0.00046106398695541865
283
1.6270362496234685
-0.0004704384848583036
284
1.6283359431026254
-0.00047991291212610076
285
1.62967366585397
-0.0004897755820127615
286
1.630970686740282
-0.0004994474609559207
287
1.6322663157015789
-0.000509218544193946
288
1.6335997802017965
-0.0005193832785571655
289
1.6348926069058607
-0.00052933364581659
290
1.6361840012241273
-0.0005393668976806277
291
1.6375131178592386
-0.0005497884967408998
292
1.6388018066220558
-0.0005599833740719679
293
1.6400891673591471
-0.0005702540767489951
294
1.6414142291524931
-0.0005809131265670012
295
1.642699123444241
-0.0005913313183000458
296
1.6439827815682657
-0.0006018180817494186
297
1.645303853741571
-0.00061269262837991
298
1.6465846036561373
-0.0006233370391148571
299
1.647863899142162
-0.0006340522994725705
300
1.6491805381382896
-0.0006451547054865895
301
1.650457152763421
-0.0006559522014779941
302
1.6517317165022305
-0.0006667001543034111
303
1.6530359422783978
-0.0006780040642068
304
1.6542748481578065
-0.000689582976060675
305
1.6554679038244888
-0.0006994376876493443
306
1.656653611058815
-0.0007101794574269303
307
1.6577975491997785
-0.0007196059214805232
308
1.6589718361842065
-0.0007298975785766093
309
1.6602450232385035
-0.0007417142606979177
310
1.6615394154101877
-0.000754337362329012
311
1.6628365664929143
-0.0007670522552649972
312
1.6641674374654105
-0.0007801196825067867
313
1.6654546353254012
-0.000792788485107533
314
1.6667389886433368
-0.0008054560741540087
315
1.6680599599910835
-0.0008185072544132568
316
1.6693400782386074
-0.0008311718487272794
317
1.6706182907838667
-0.0008438311063228852
318
1.6719334870607019
-0.0008568680933582677
319
1.6732084900534807
-0.0008695155317823025
320
1.674482212448628
-0.0008821572137552142
321
1.6757934115296953
-0.00089517523073585
322
1.6770650607108484
-0.0009078034206213784
323
1.6783357890751518
-0.0009204238929625527
324
1.6796441809267284
-0.0009334184448576544
325
1.6809133394268416
-0.0009460220044831235
326
1.6821817755073416
-0.000958615722516839
327
1.6834879879215514
-0.000971580188300726
328
1.684755188335199
-0.0009841517853674616
329
1.6860218157128883
-0.0009967103991822663
330
1.6873263059360155
-0.0010096351098442227
331
1.688591953511831
-0.0010221652100880691
332
1.6898571315276039
-0.0010346794598065287
333
1.691160210690332
-0.0010475553310982366
334
1.6924245859173952
-0.0010600345095312126
335
1.6936885576210503
-0.0010724944261078643
336
1.6949904775894429
-0.0010853111898014663
337
1.6962537548250265
-0.00109772922459777
338
1.6975167012954728
-0.0011101248345406621
339
1.6988175087777218
-0.0011228711984681008
340
1.7000795438020462
-0.0011352163376321914
341
1.7013409890891653
-0.001147532449879873
342
1.702640115319653
-0.001160190762674446
343
1.7039005470230981
-0.0011724461703569485
344
1.705160496048802
-0.0011846702637750399
345
1.706458168688369
-0.0011972312409437196
346
1.7077172433994265
-0.0012093892364103487
347
1.7089758772510875
-0.0012215128446211596
348
1.7102722243803998
-0.001233966998896538
349
1.7115300226909766
-0.0012460178886850636
350
1.7127873330731476
-0.0012580305052140022
351
1.7140817712236966
-0.0012703612233822671
352
1.7153356579759638
-0.001282272529691782
353
1.7165860350347915
-0.0012941157287074021
354
1.7178724816797117
-0.0013062632710004218
355
1.719121433611139
-0.0013180210352671307
356
1.7203709428054756
-0.0013297490357158572
357
1.7216588092700704
-0.0013417959402055354
358
1.7229091773213292
-0.0013534506549115655
359
1.7241598493270958
-0.0013650658326598774
360
1.7254486776504911
-0.001376989509279907
361
1.7266998042732526
-0.001388518340235872
362
1.7279510998318257
-0.0014000024430917443
363
1.7292404563262482
-0.0014117857446861652
364
1.730495736357052
-0.0014232071905449406
365
1.7317512853976087
-0.0014345801209432378
366
1.7330444149269042
-0.0014462381965764162
367
1.7342989116567435
-0.0014574935803619083
368
1.7355527741637515
-0.001468688781563494
369
1.7368438711287542
-0.0014801562757003454
370
1.7380960252487014
-0.0014912158224576306
371
1.7393472066520284
-0.0015022037578933279
372
1.7406353087511242
-0.001513447367275107
373
1.7418846388736875
-0.0015242834492504914
374
1.7431331584218772
-0.001535041884233267
375
1.7444187677670449
-0.0015460431392725223
376
1.7456659092237066
-0.0015566379597123303
377
1.7469124467180766
-0.0015671488251225154
378
1.748196178968371
-0.0015778883671052554
379
1.7494416271866366
-0.001588234688340827
380
1.7506865751508425
-0.0015985044252755016
381
1.7519687073590244
-0.0016089949952982844
382
1.7532125246242216
-0.0016190851717829068
383
1.7544554069922502
-0.0016290729600613762
384
1.7557302931294485
-0.0016392050272310275
385
1.7557302931294485
-0.0016392050272310275
386
1.7581168889308727
-0.0016606112800685929
387
1.7592741443360875
-0.0016717023018461923
388
1.7603793670302383
-0.0016797824633498072
389
1.7615028314262724
-0.001688574811658494
390
1.762714105980995
-0.0016986524027940882
391
1.7639625936719592
-0.0017096127808300704
392
1.7652333263264104
-0.0017212510108859105
393
1.7665442812413845
-0.0017329874033165159
394
1.7678108888842539
-0.001744201611854677
395
1.7690724415960006
-0.0017552439579532214
396
1.7703695001316953
-0.00176646082426662
397
1.7716262601375248
-0.001777193119839197
398
1.7728808839519585
-0.0017877700482076422
399
1.774171428330639
-0.0017985043049576033
400
1.7754219925490624
-0.0018087630028229742
401
1.7766706852997016
-0.0018188637997029094
402
1.777955265896629
-0.001829104804591707
403
1.7792001277410205
-0.0018388812813855974
404
1.7804429223720841
-0.0018484953225239632
405
1.781721234551193
-0.0018582307892691748
406
1.7829597778333062
-0.0018675142161322595
407
1.7841959810735875
-0.0018766329208322154
408
1.7854672364692643
-0.0018858560370786225
409
1.786698935347856
-0.0018946423670468963
410
1.787928021990475
-0.0019032624298185013
411
1.7891919061328558
-0.0019119719639035767
412
1.7904158397040708
-0.0019202558908332618
413
1.7916367578087593
-0.0019283717002463348
414
1.792891540957738
-0.0019365580250009717
415
1.7941062585923535
-0.001944332959601806
416
1.7953175999779023
-0.0019519388297500704
417
1.796562504580482
-0.0019596015784445263
418
1.7977673080038208
-0.0019668687613588337
419
1.7989683773645515
-0.001973967226909538
420
1.8002054025687166
-0.0019811254004447627
421
1.8014024287867272
-0.0019879052349203088
422
1.8025955485682719
-0.001994519232582161
423
1.8038202305695679
-0.0020011578826333496
424
1.8050043208759927
-0.002007430885121199
425
1.8061836509044196
-0.0020135364689767422
426
1.8073938877284652
-0.002019654274544329
427
1.808563761666724
-0.002025425492250676
428
1.8097286514277278
-0.0020310327841567225
429
1.810924171680602
-0.0020366427506367836
430
1.8120796127847105
-0.0020419252439822407
431
1.8132302620795786
-0.0020470495766468084
432
1.8144109461847389
-0.0020521663223775355
433
1.8155517870895153
-0.0020569744274367215
434
1.816687222561963
-0.002061627113816564
435
1.8178515913299942
-0.0020662608904543885
436
1.818976154377102
-0.0020706068036957345
437
1.8200940139038162
-0.002074803819806289
438
1.8212376388715046
-0.0020789719559867912
439
1.822340406259951
-0.0020828716153996913
440
1.8234378956837047
-0.002086636328421205
441
1.8245638660136567
-0.0020903769401981664
442
1.8256520852539841
-0.0020938742349583786
443
1.8267354251327736
-0.002097242437624727
444
1.8278466049860491
-0.0021005775230454613
445
1.8289205506478414
-0.0021036829568226436
446
1.8299893425336542
-0.002106658022693752
447
1.831085286074043
-0.0021095896465193813
448
1.8321438665963463
-0.0021123067888537093
449
1.8331971159375005
-0.002114898741862532
450
1.834276942158679
-0.002117440889770102
451
1.835319789191466
-0.0021197843996769274
452
1.8363572119548626
-0.00212200797838917
453
1.837420613213342
-0.002124177291415208
454
1.8384473875924274
-0.0021261659917161807
455
1.8394685401942517
-0.00212804059674336
456
1.8405149590611138
-0.0021298553314306797
457
1.8415250569359405
-0.0021315049171611706
458
1.842529424004978
-0.0021330453424675024
459
1.8435584657219541
-0.002134520186229323
460
1.8445516545811933
-0.0021358442076697642
461
1.8455390878533238
-0.002137063403694605
462
1.846551041778449
-0.0021382121774751717
463
1.8475276183010991
-0.0021392239876032704
464
1.8484983301664775
-0.002140135082958585
465
1.849492494187032
-0.002140970456172561
466
1.8504515897003717
-0.002141684075654311
467
1.8514046749725768
-0.0021423092894631785
468
1.8523806328519234
-0.0021428621244961987
469
1.853322009455973
-0.00214332245580382
470
1.854257266448528
-0.002143698341698391
471
1.855214799260379
-0.0021439952923500267
472
1.8561388452459724
-0.002144189926765442
473
1.8570567797717314
-0.002144287830295191
474
1.85798840308918
-0.002144412104999872
475
1.8588761872736537
-0.0021448977527745317
476
1.8597491166174753
-0.0021459917192487386
477
1.8606118560953868
-0.0021503110938335774
478
1.8613894845484709
-0.0021566636026206284
479
1.8621177924449417
-0.0021536195314291492
480
1.8628502694367228
-0.002151469483337507
481
1.8635701287998934
-0.002150092714307383
482
1.8643232081723995
-0.0021491568453660894
483
1.8651578639278383
-0.0021486002351255155
484
1.866041687088626
-0.002148534980186295
485
1.8669535473917913
-0.0021487281895152237
486
1.8678836354592894
-0.0021487084124186258
487
1.8687762857308485
-0.0021486216971910487
488
1.869659395459834
-0.002148489473532345
489
1.8705600222405858
-0.0021483054374908223
490
1.8714254364193244
-0.0021480669551847235
491
1.872282397160005
-0.0021477658840115595
492
1.8731572475865228
-0.002147394525028788
493
1.8739987845234245
-0.0021469744564344357
494
1.8748321908436634
-0.002146500545830227
495
1.8756816958604317
-0.0021459602309996614
496
1.8764964751000504
-0.0021453865159387093
497
1.8773016895937802
-0.0021447680799049863
498
1.8781236213182524
-0.0021440872924679073
499
1.8789160900495554
-0.0021433811896148084
500
1.8797037688881226
-0.0021426291292522028
501
1.880510508282408
-0.002141806130651897
502
1.8812888504216572
-0.002140967306155522
503
1.88206234397802
-0.0021400921020788164
504
1.882854421987166
-0.0021391564254778506
505
1.8836188069308415
-0.0021382191648659354
506
1.884378321552552
-0.0021372568694754995
507
1.8851559458249476
-0.0021362429433903437
508
1.885905941019845
-0.0021352390198287156
509
1.88665104459938
-0.0021342189267142785
510
1.887413854532051
-0.0021331557457191586
511
1.888149525102428
-0.0021321345016113084
512
1.8888803451534595
-0.0021311638263636816
513
1.8896284738957436
-0.002130171835845179
514
1.8903939672384218
-0.0021292409648869257
515
1.8911110155212552
-0.0021282076200252282
516
1.8918419499387447
-0.002127209426026464
517
1.892546614013273
-0.002126250338687569
518
1.8932465403981957
-0.0021252352912584597
519
1.8939628802393318
-0.002124175366370808
520
1.8946534843212421
-0.002123147245178471
521
1.8953393537138237
-0.0021221224721657207
522
1.896041366464013
-0.002121072343890381
523
1.8967183108488002
-0.002120061431917739
524
1.8973907670809316
-0.0021190621699896106
525
1.8980791783582394
-0.002118047030162138
526
1.8987431097730763
-0.0021170775498032548
527
1.8994027289146116
-0.0021161256347379223
528
1.900118329959945
-0.0021151096936576934
529
1.9007700034117214
-0.0021141970316612803
530
1.9014148143254728
-0.002113312942711812
531
1.902074247585739
-0.0021124296133301387
532
1.9027104628573532
-0.0021115989874227518
533
1.9033428879613157
-0.002110796541422052
534
1.9039907023016929
-0.0021100004854588228
535
1.9046157932372627
-0.0021092603897788632
536
1.905237090371738
-0.002108554730896483
537
1.905873420868144
-0.00210786595304864
538
1.9064876088761429
-0.002107236272975982
539
1.9070980217557774
-0.0021066471756724433
540
1.9077231375427532
-0.002106084562488904
541
1.9083264379357985
-0.0021055830338190884
542
1.9089259062162198
-0.0021051274445391564
543
1.909539943016997
-0.002104707693571287
544
1.9101322157824268
-0.00210435017739953
545
1.9107206670721668
-0.002104043493522098
546
1.9113231690087007
-0.0021037822977623528
547
1.9119043121048322
-0.00210358341146093
548
1.9124817296839354
-0.002103439845042841
549
1.9130729460128448
-0.0021033513099639823
550
1.913643208776333
-0.0021033243402252544
551
1.914210040995311
-0.0021033568158022203
552
1.9147904230428299
-0.0021034538901458146
553
1.9153502148556394
-0.002103611056375486
554
1.9159063964465692
-0.002103831383797562
555
1.9164758570436577
-0.0021041258439022754
556
1.9170251219636112
-0.002104478189400738
557
1.9175708503064375
-0.002104897061936821
558
1.918129598890977
-0.002105399516835884
559
1.91866851854756
-0.0021059569107636966
560
1.9192039517364992
-0.002106583590074659
561
1.9197521403039446
-0.0021073028425500234
562
1.9202810670502406
-0.0021080744254402413
563
1.920806551093146
-0.0021089183570659467
564
1.9213447211986086
-0.0021098647956932282
565
1.921863937434152
-0.0021108588190745267
566
1.9223797093902564
-0.0021119270689007874
567
1.9229076609935136
-0.0021131063678707022
568
1.9234167543838283
-0.002114327915538748
569
1.9239224315117922
-0.0021156253820427697
570
1.9244400356988707
-0.002117042589507471
571
1.9249391380869776
-0.002118496629852749
572
1.9254361140487655
-0.0021200319235806803
573
1.925946262913828
-0.0021217005118007765
574
1.9264380784781556
-0.0021233994618227816
575
1.9269261396664523
-0.002125175113123084
576
1.9274252166122
-0.00212708572563786
577
1.9279060203090186
-0.0021290191011197786
578
1.9283831934406217
-0.002131029809620175
579
1.928871272306626
-0.0021331834224300465
580
1.9293416255489289
-0.002135353541108151
581
1.9298085365368804
-0.002137601746834487
582
1.9302862134988545
-0.002140000646610285
583
1.9307464249302113
-0.002142408190887014
584
1.9312025604430152
-0.0021448895335784445
585
1.93166751033995
-0.0021475184799191354
586
1.9321126690968466
-0.002150132265366509
587
1.9325501420777746
-0.0021527960314957416
588
1.9329923733927616
-0.0021555887107664344
589
1.9334135099807734
-0.00215834555335819
590
1.9338273336980167
-0.002161150622512908
591
1.9342481610680344
-0.0021641045580618294
592
1.9346535689218074
-0.00216704972812313
593
1.935058547105418
-0.002170091055064085
594
1.935476323373584
-0.0021733329241100476
595
1.9358826138840017
-0.002176587471297446
596
1.9362890765107614
-0.002179943702009818
597
1.9367079716616553
-0.0021835076451217966
598
1.9371139629018772
-0.002187063560317648
599
1.937518992508774
-0.002190711247259052
600
1.937935069872152
-0.002194563186525506
601
1.938337489690867
-0.002198390225127538
602
1.9387382367622905
-0.0022023014146677973
603
1.9391493081518116
-0.0022064177143662866
604
1.9395464108955913
-0.0022104950988039054
605
1.939941481390727
-0.002214650775362201
606
1.9403464024512056
-0.0022190138939007613
607
1.9407372672247782
-0.002223326176801438
608
1.9411258586073188
-0.002227711416869951
609
1.941523899172421
-0.0022323054370601393
610
1.9419079353589463
-0.0022368361084026916
611
1.942289574203207
-0.0022414344479942316
612
1.942289574203207
-0.0022414344479942316
613
1.9430572656304927
-0.002250976729745262
614
1.9434571379085441
-0.0022561044585453177
615
1.9438406979622667
-0.0022611095933788706
616
1.9442082912572765
-0.0022659995265563696
617
1.9445733797016693
-0.0022709477664160267
618
1.9449472599176416
-0.0022761100994626447
619
1.9453079486881961
-0.0022811815974519128
620
1.94566636425041
-0.0022863100712942224
621
1.9460333485829333
-0.0022916530846312203
622
1.9463873044520605
-0.00229689465588002
623
1.9463873044520605
-0.00229689465588002
624
1.9470989449301943
-0.0023076953787519745
625
1.9470989449301943
-0.0023076953787519745
626
1.9478140037078446
-0.0023188917526656234
627
1.9481903800485758
-0.002324921796276864
628
1.948529591411983
-0.0023304275012907103
629
1.948864378710087
-0.0023359397179756247
630
1.9492276146501797
-0.0023420113753994183
631
1.9495585148034034
-0.002347608721640635
632
1.9498860418861528
-0.002353225170991887
633
1.950221473286391
-0.0023590537237646297
634
1.9505451811873273
-0.00236475176937867
635
1.9508669651694135
-0.002370486730513142
636
1.9511965509169393
-0.0023764331964466197
637
1.951514539652885
-0.0023822391710135176
638
1.951830555398227
-0.0023880754007498616
639
1.9521541636111495
-0.0023941194990400793
640
1.9524663248151344
-0.002400013903306154
641
1.952776494286861
-0.002405932244874607
642
1.9530940610455092
-0.0024120578074920272
643
1.9534003386963925
-0.002418025850764533
644
1.953704616771598
-0.002424012808976706
645
1.954016112670604
-0.0024301993965647854
646
1.9543166134823124
-0.002436223295558505
647
1.9546151162740741
-0.0024422591799894513
648
1.95492079170654
-0.0024484918406111307
649
1.9552155017021455
-0.0024545506897130204
650
1.9555082067061635
-0.0024606141956810186
651
1.9558077942702177
-0.0024668660842718
652
1.956096628412065
-0.002472936697712952
653
1.9563834973883414
-0.0024790061852279937
654
1.9566770749440876
-0.00248525823901898
655
1.9569601015570037
-0.0024913229046109034
656
1.9572411598287751
-0.002497380609207155
657
1.9575287376665047
-0.002503614021467469
658
1.9578059710724303
-0.002509660511369224
659
1.9580812300342552
-0.0025156845311043253
660
1.9583629746200741
-0.0025218600558697263
661
1.9586349530353728
-0.0025278281173673266
662
1.9589052710022152
-0.0025337663625601644
663
1.9591829126683276
-0.002539879106601753
664
1.9594507192755908
-0.0025457939189789986
665
1.9597170091212504
-0.0025516967642259096
666
1.9599896953533258
-0.0025577604175722668
667
1.9602529178631571
-0.0025636053527749434
668
1.9605143547690218
-0.0025694407224359154
669
1.960781234489014
-0.002575509936538103
670
1.961036171069862
-0.002581285715842486
671
1.961286428391067
-0.002586974043359512
672
1.9615361301322316
-0.0025917062138583902
673
1.9617665509903068
-0.0025954994480279435
674
1.9619803620684142
-0.0025974462886984083
675
1.9621772034190117
-0.00259542457718846
676
1.962340828446344
-0.002592684883068289
677
1.962480140282981
-0.0025924593026626533
678
1.9626010690743017
-0.002591542053279555
679
1.9626010690743017
-0.002591542053279555
680
1.9627710443184991
-0.002589496986834525
681
1.9628268532900035
-0.0025901097743764034
682
1.962861468121506
-0.0025933458109369833
683
1.9628777634448045
-0.002600417132057485
684
1.9628803727625679
-0.0026126815238951516
685
1.9628825285312654
-0.002629561568429614
686
1.962885254463805
-0.002650920472801191
687
1.9628882661486147
-0.0026726403221620783
688
1.9628967258939947
-0.0026884860035328332
689
1.9629204684829695
-0.0026932340073917145
690
1.9629709204120782
-0.00269245467606022
691
1.9630547739940147
-0.002692941879394915
692
1.963183164709763
-0.002694796310410328
693
1.9633728760344726
-0.0026984274795570857
694
1.9636233960990865
-0.0027039204706740105
695
1.963947343430262
-0.0027115979630191337
696
1.9643381579478467
-0.0027211058324557403
697
1.9647039868963725
-0.002730034410445214
698
1.965057668141424
-0.00273882857681676
699
1.9654112797790166
-0.002747760055533774
700
1.9657479017887372
-0.0027562359501113257
701
1.9660797370382284
-0.0027645826241633233
702
1.9664103546423923
-0.0027727959794456147
703
1.9667213758489914
-0.002780456099311037
704
1.967022713250171
-0.0027878100202127862
705
1.9673365117075907
-0.002795388370015699
706
1.9676209402228413
-0.0028021902942474476
707
1.9678968163949988
-0.002808712254060981
708
1.9681738619299065
-0.0028151834201075787
709
1.9684362441046948
-0.0028212331423854375
710
1.9686925451544786
-0.0028270640938386007
711
1.9689509420662936
-0.0028328576350315163
712
1.9691965725942202
-0.0028382811363313054
713
1.9694372727403484
-0.0028435110221923226
714
1.96968062286316
-0.0028487072667526736
715
1.9699125903145596
-0.00285357039330399
716
1.9701404776543658
-0.0028582585555424625
717
1.9703714049266048
-0.00286291245983218
718
1.9705920144028017
-0.0028672629628921187
719
1.9708091873179492
-0.002871449954327103
720
1.971029669855344
-0.00287559844006139
721
1.9712411224936377
-0.0028794757123325994
722
1.9714496513542181
-0.0028831984717819434
723
1.9716616232287294
-0.002886875097412505
724
1.971864785451772
-0.002890293123319696
725
1.972065338602856
-0.0028935615982027107
726
1.972269457192035
-0.002896775793205986
727
1.9724654780367514
-0.0028997500893317113
728
1.9726594913243012
-0.0029025833357457817
729
1.972857448967617
-0.0029053595384287206
730
1.9730477755958078
-0.0029079185672213296
731
1.9732362880426189
-0.0029103456233468307
732
1.9734287467102938
-0.002912711931432521
733
1.9736138861034351
-0.002914881004371416
734
1.9737973550270658
-0.002916925742841333
735
1.9739847511242683
-0.002918905565958828
736
1.9741753607016612
-0.0029208005413922018
737
1.9743542654839261
-0.0029224842817366673
738
1.9745363461341923
-0.0029240931045430465
739
1.9747116346350932
-0.0029255402776046224
740
1.9748855116499107
-0.0029268763560313495
741
1.9750632726304467
-0.002928139019692042
742
1.975234556956985
-0.0029292561519965138
743
1.97540450383653
-0.0029302673175114068
744
1.9755782762778304
-0.002931200219807032
745
1.975745676212152
-0.0029320016142780152
746
1.9759117931484218
-0.0029327017682170635
747
1.9760816808408326
-0.002933318939772386
748
1.9760816808408326
-0.002933318939772386
749
1.9764078947544093
-0.002934221031170215
750
1.9765846330313694
-0.002934546896806099
751
1.9767448820546019
-0.0029347563486813596
752
1.976903235188649
-0.0029348743660003534
753
1.9770651971132787
-0.0029349004686868106
754
1.977221322729363
-0.002934834599823572
755
1.9773763566351141
-0.0029346801473005774
756
1.9775350666456315
-0.002934429376994269
757
1.9776881271687121
-0.0029340981492537717
758
1.9778401757639787
-0.002933681663111304
759
1.9779957577655791
-0.0029331646754827494
760
1.9781457237800206
-0.002932578791464809
761
1.9782946263461005
-0.002931911430134254
762
1.978446986677229
-0.002931139555914678
763
1.9785938533900913
-0.002930309696554392
764
1.9787396860229065
-0.0029294017494594315
765
1.9788889125405644
-0.0029283854208200133
766
1.9790327640658145
-0.002927321567220326
767
1.9791756075355627
-0.0029261829049538708
768
1.979322112590503
-0.0029249290380721476
769
1.9794633583611942
-0.002923637560060478
770
1.979603567729132
-0.0029222748028334333
771
1.9797469797693255
-0.002920797002953116
772
1.9798851516554647
-0.0029192923544385943
773
1.9800222554465379
-0.002917720392653585
774
1.9801624266688265
-0.0029160313089506592
775
1.980297406153614
-0.0029143258810586247
776
1.980431279259742
-0.002912557418178411
777
1.9805681128460455
-0.0029106698843529796
778
1.9806998845119477
-0.0029087751328193026
779
1.9808306303912635
-0.002906819851141018
780
1.9809643531690952
-0.002904741802220707
781
1.9810932208063583
-0.002902663748970993
782
1.9812211714028476
-0.002900526708394618
783
1.981352108311282
-0.0028982630825681232
784
1.9814783444802109
-0.0028960067353754853
785
1.981603720542244
-0.00289369341218391
786
1.9817320568340235
-0.0028912502212176403
787
1.981855819109311
-0.0028888215020481133
788
1.9819787610801767
-0.0028863378828378233
789
1.9821046099839557
-0.0028837217226818437
790
1.982225971430607
-0.00288112763654444
791
1.9823465378107101
-0.002878480886266736
792
1.9824699819661524
-0.002875698498703205
793
1.982589057755871
-0.0028729446455888065
794
1.9827073825434598
-0.0028701397543808055
795
1.9828285476304495
-0.0028671963806339547
796
1.9829454280857661
-0.002864288431335978
797
1.9830615638678986
-0.0028613318438477408
798
1.9831804716667676
-0.002858234841629142
799
1.9832951498973665
-0.002855180639179059
800
1.9834090666136384
-0.00285208086733962
801
1.9835256733468698
-0.0028488394344136523
802
1.983638119238705
-0.002845647621648375
803
1.983749826334918
-0.0028424121665237886
804
1.9838641901343848
-0.0028390325437496794
805
1.9839746641842757
-0.002835702695316787
806
1.9840845458828045
-0.0028323269376063992
807
1.9841969158394521
-0.0028288088345246347
808
1.9843051760143398
-0.00282535590241059
809
1.9844127704682977
-0.0028218618869187764
810
1.9845229771342654
-0.002818218175372554
811
1.9846292154727236
-0.0028146432165994774
812
1.9847346272024724
-0.0028110351860651775
813
1.9848423859809077
-0.0028072836279235134
814
1.98494615198444
-0.0028036102223202345
815
1.98504903898543
-0.0027999086111530356
816
1.9851540639684486
-0.002796068708666991
817
1.9852548779607693
-0.002792324098567452
818
1.9853542834757585
-0.002788575291173342
819
1.9854550100675301
-0.0027847189101399407
820
1.9855509648655336
-0.0027809905026853206
821
1.9856450643447718
-0.002777281552643161
822
1.9857402567537306
-0.0027734753064758227
823
1.98583110029601
-0.002769791023089203
824
1.9859205572116134
-0.0027661124794296555
825
1.9860115878739342
-0.0027623166185363297
826
1.9860991176315612
-0.002758615723439736
827
1.986186121530963
-0.0027548866737905253
828
1.9862755846088633
-0.002750999013703419
829
1.9863626090506956
-0.00274716496255596
830
1.9864501497157592
-0.002743255745458686
831
1.986540661789976
-0.0027391591507372652
832
1.9866286339106038
-0.002735124671948889
833
1.98671670707759
-0.002731033473659989
834
1.9868120040050843
-0.002726542521511215
835
1.9868999838552677
-0.002722350274293324
836
1.9869875278212679
-0.0027181280861760288
837
1.9870775190133085
-0.0027137343132185607
838
1.9871646151088282
-0.0027094301473076323
839
1.9872514269298307
-0.002705089274864527
840
1.9873405392562287
-0.0027005805402522715
841
1.9874266810142627
-0.002696171064012981
842
1.9875124308170953
-0.0026917316903435663
843
1.987600363114902
-0.0026871273285827037
844
1.987600363114902
-0.0026871273285827037
845
1.987769779558497
-0.002678106935431361
846
1.987860986361399
-0.0026731627189855623
847
1.9879447345623351
-0.0026685798715880486
848
1.9880276983488656
-0.0026639924622673993
849
1.9881126832162763
-0.0026592431611308885
850
1.9881946184614725
-0.0026546160742707513
851
1.9882759261807808
-0.002649977464402468
852
1.9883589420475052
-0.002645192914417065
853
1.988438595206675
-0.0026405559700836034
854
1.9885172766757924
-0.0026359307997833436
855
1.9885974418839107
-0.002631171918294682
856
1.9886744237324199
-0.0026265572853392326
857
1.9887506100457117
-0.002621946746178843
858
1.988828357398438
-0.0026171964475141737
859
1.9889031294206132
-0.0026125843153572293
860
1.98897722968213
-0.0026079710507706656
861
1.989052932533262
-0.002603213771423441
862
1.9891258131941127
-0.0025985911944267637
863
1.9891981093148055
-0.002593964038100785
864
1.9892720267773336
-0.002589189810145195
865
1.9893432461515976
-0.0025845480702554407
866
1.989414071885103
-0.002579890841879926
867
1.9894865036958482
-0.002575085535099897
868
1.9895563030744097
-0.0025704139059826445
869
1.9896255854948195
-0.0025657368830873297
870
1.9896964509143642
-0.0025609114328903294
871
1.9897646808481222
-0.002556225519712281
872
1.989832227196289
-0.0025515479276792307
873
1.9899009949575146
-0.00254674608679285
874
1.9899668504747432
-0.0025421098160970626
875
1.9900318516967745
-0.0025374969667461807
876
1.9900982011776187
-0.002532749851184739
877
1.9901622762674875
-0.00252812759925403
878
1.990226139815821
-0.002523483210082266
879
1.9902917212487858
-0.002518674888086588
880
1.990355168303801
-0.0025139853042054363
881
1.990418366940965
-0.00250927713935669
882
1.9904832210324206
-0.002504407162053349
883
1.990545907173458
-0.0024996627913330695
884
1.9906083152140457
-0.002494903050270602
885
1.9906723284114192
-0.0024899829559534136
886
1.9907341761470139
-0.002485192657795895
887
1.9907957291861378
-0.002480389301914863
888
1.9908588478250824
-0.002475426401793163
889
1.9909198157717494
-0.002470596511055146
890
1.9909804919044263
-0.0024657543614076717
891
1.991042700533129
-0.0024607530969933534
892
1.9911027932988203
-0.0024558863435491358
893
1.99116257697004
-0.002451009807341019
894
1.991223862968731
-0.002445974466262491
895
1.991283046991037
-0.0024410768029383754
896
1.9913419234382899
-0.002436170306396182
897
1.9914022874837167
-0.002431104099105718
898
1.991460580887892
-0.0024261771725141183
899
1.9915185696474436
-0.002421242222494977
900
1.9915780096456401
-0.002416148600308197
901
1.991635402550032
-0.0024111964429948127
902
1.9916924848117306
-0.002406237864577984
903
1.9917509830922933
-0.002401121691408734
904
1.9918074334446392
-0.0023961513004132438
905
1.9918635118435757
-0.0023911811749237353
906
1.9919229962407465
-0.00238586912369095
907
1.9919783699798954
-0.0023808961722432058
908
1.9920332845122672
-0.0023759329260006692
909
1.992089479604861
-0.0023708209124230677
910
1.992143660402382
-0.0023658602666305176
911
1.9921974601977526
-0.0023609034045702177
912
1.9922525123400818
-0.0023557988105938708
913
1.992305577592919
-0.002350847305014735
914
1.992358262366919
-0.0023459008647109063
915
1.992412164283592
-0.0023408084915351544
916
1.9924641133559364
-0.0023358701106037712
917
1.9925156840520475
-0.002330937978477384
918
1.9925684401434198
-0.0023258614815007037
919
1.9926192793881454
-0.0023209395419844514
920
1.9926697438907213
-0.002316024864872892
921
1.9927213644352768
-0.0023109673616986434
922
1.9927711065938396
-0.002306064646165391
923
1.9928204794095012
-0.0023011698596461477
924
1.9928709815516992
-0.0022961334076477633
925
1.9929197136233563
-0.002291244799216138
926
1.9929680766997673
-0.002286365318471843
927
1.9929680766997673
-0.002286365318471843
928
1.993065202051323
-0.0022764814020516714
929
1.993114431285572
-0.0022714231099442072
930
1.9931628219697664
-0.002266427767494428
931
1.9932093734269776
-0.002261595309306196
932
1.9932555746060623
-0.0022567726907433147
933
1.9933028347548696
-0.002251811786612939
934
1.9933483876822136
-0.0022470034442814346
935
1.9933936145038826
-0.0022422033486273426
936
1.9934398784169587
-0.002237265987016087
937
1.9934844619378291
-0.0022324819508116427
938
1.9935287192970172
-0.0022277075609585468
939
1.9935739940479351
-0.002222796518113368
940
1.9936176264920844
-0.0022180382801922447
941
1.993660942138374
-0.002213289478288132
942
1.9937052563936848
-0.0022084049024037387
943
1.9937479748389582
-0.0022036715153613377
944
1.9937903851557246
-0.0021989475704572176
945
1.9938338334149373
-0.0021940826715543065
946
1.9938757091377681
-0.002189369330086063
947
1.9939172812410675
-0.0021846662108238367
948
1.9939598125982545
-0.002179829808536783
949
1.9940008049749913
-0.0021751445898613407
950
1.994041503872066
-0.0021704691934900985
951
1.9940831458569186
-0.0021656609574168435
952
1.9941232852217752
-0.002161002679702127
953
1.9941631438424399
-0.002156353974222502
954
1.994203934970317
-0.0021515725642751765
955
1.9942432640249206
-0.0021469394350726373
956
1.994282327367023
-0.00214231504172528
957
1.9943223128897378
-0.002137557984291253
958
1.9943608725808875
-0.00213294789118586
959
1.994399178758936
-0.0021283459576936863
960
1.9944383957359213
-0.0021236115464813837
961
1.994476261308605
-0.0021190178589792982
962
1.9945139252595208
-0.0021144266860695492
963
1.9945524858507178
-0.002109703532127116
964
1.9945896744575744
-0.0021051265578313745
965
1.9946266212651849
-0.0021005579779760884
966
1.9946644491118553
-0.002095858205796877
967
1.9947009361794152
-0.002091303539233016
968
1.9947371913041425
-0.0020867568439619723
969
1.9947743160073796
-0.002082079243131483
970
1.9948101293841742
-0.002077545772813436
971
1.9948457194033349
-0.002073019964541112
972
1.9948821670073407
-0.002068363632683386
973
1.9949173307322134
-0.0020638505996412267
974
1.9949522785051037
-0.002059345030751749
975
1.9949880714879866
-0.002054709400244479
976
1.9950226064361312
-0.0020502163394361204
977
1.9950569319406977
-0.0020457306268623987
978
1.9950920899695277
-0.0020411153889396587
979
1.9951260145326346
-0.0020366420597265032
980
1.9951597353885855
-0.002032176034804143
981
1.9951942759701617
-0.0020275810712518235
982
1.9952276062083407
-0.002023127455668393
983
1.9952607377657163
-0.0020186811678624943
984
1.9952946761304313
-0.002014106582468753
985
1.995327426574321
-0.002009672789285632
986
1.9953600139003704
-0.0020052420434300638
987
1.995393396221167
-0.0020006834973676094
988
1.9954256145288007
-0.0019962648659077806
989
1.9954576404128923
-0.0019918540464173027
990
1.9954904455104119
-0.0019873165562430406
991
1.995522102054588
-0.001982919247703815
992
1.9955535715754622
-0.0019785296559137254
993
1.9955858080870852
-0.0019740140567451924
994
1.9956169213709185
-0.0019696374113233987
995
1.9956478517628005
-0.0019652685396264313
996
1.9956795377093048
-0.0019607742425813666
997
1.9957101168176443
-0.001956418880936413
998
1.9957405171438316
-0.0019520713346915706
999
1.995771661191054
-0.0019475990396773087
1000
1.9958017183546213
-0.001943265067856492
1001
1.9958316007883805
-0.0019389389389708848
1002
1.9958622152263663
-0.0019344887558770843
1003
1.9958917621450416
-0.0019301762938723362
1004
1.9959211416879261
-0.001925871182198573
1005
1.9959512417831007
-0.0019214427033173638
1006
1.99598029289184
-0.001917151390800707
1007
1.9960091765367762
-0.0019128680385730556
1008
1.996038769233546
-0.0019084620520920127
1009
1.9960673314423514
-0.001904192612035712
1010
1.9960957298087576
-0.0018999311650023736
1011
1.9961248259022883
-0.001895547823953416
1012
1.9961529093250225
-0.0018913004424290572
1013
1.9961808321806556
-0.0018870611218820923
1014
1.9962094417562448
-0.0018827006325512982
1015
1.9962370563756948
-0.0018784754617410446
1016
1.9962645138874515
-0.0018742583730850019
1017
1.9962926472778
-0.0018699208486980768
1018
1.9963198027064015
-0.001865718046854343
1019
1.9963468040901577
-0.0018615233938623454
1020
1.9963744735358464
-0.0018572085850149084
1021
1.9964011816200737
-0.0018530278972220056
1022
1.9964277384978555
-0.0018488554433720964
1023
1.9964549498504152
-0.0018445640739456284
1024
1.9964812161006784
-0.0018404062174680247
1025
1.9965073342673718
-0.0018362566200474714
1026
1.9965340967930314
-0.0018319888218689259
1027
1.9965599305102282
-0.0018278538580018611
1028
1.9965856194072202
-0.00182372713825664
1029
1.9966119428678286
-0.0018194829092374695
1030
1.9966373534040065
-0.001815370834682516
1031
1.9966626220502268
-0.0018112670267453168
1032
1.9966885154519263
-0.0018070464354753093
1033
1.9967135138836263
-0.0018029569159565247
1034
1.9967383734194093
-0.0017988756588685295
1035
1.9967638480332228
-0.0017946783498622625
1036
1.9967884402173166
-0.0017906118778297675
1037
1.9968128962496288
-0.0017865536932489263
1038
1.9968379581338387
-0.0017823801424315614
1039
1.9968621526342576
-0.0017783367125019595
1040
1.9968862138753127
-0.0017743015537708714
1041
1.9969108718538842
-0.001770151723296255
1042
1.9969346770615561
-0.0017661313134026552
1043
1.9969583517999852
-0.0017621191610270653
1044
1.996982614332898
-0.0017579930294861947
1045
1.9970060383945183
-0.0017539956154656042
1046
1.997029334725092
-0.0017500064395651056
1047
1.9970532101136018
-0.0017459039680293219
1048
1.9970762610701853
-0.001741929500466159
1049
1.9970991870347359
-0.001737963236821805
1050
1.997122683578258
-0.0017338843417868347
1051
1.9971453694854002
-0.0017299327251387659
1052
1.997167933183736
-0.0017259892555295787
1053
1.997191059264528
-0.0017219337935107373
1054
1.9972133882946908
-0.0017180048672810627
1055
1.9972356069449564
-0.0017140823646696125
1056
1.9972583802176673
-0.0017100484454776804
1057
1.997280368606888
-0.00170614052019457
1058
1.9973022393571422
-0.0017022407623508077
1059
1.9973246561525655
-0.001698230350168044
1060
1.9973463013780604
-0.0016943451354541942
1061
1.9973678319611554
-0.0016904679500858507
1062
1.9973899012814516
-0.0016864806593535988
1063
1.9974112121603402
-0.001682617750249163
1064
1.9974324113995285
-0.0016787627150121858
1065
1.997454142350941
-0.0016747980911571668
1066
1.997475127753356
-0.0016709570244313175
1067
1.997496004565493
-0.0016671236507906251
1068
1.997517406394113
-0.001663181162558073
1069
1.9975380753617737
-0.001659361393421926
1070
1.9975586388675732
-0.0016555491050347982
1071
1.9975797210576614
-0.0016516281248405561
1072
1.9976000828880385
-0.0016478290096836354
1073
1.9976203425134802
-0.001644037120801954
1074
1.997641114945255
-0.0016401368917101464
1075
1.9976611793900894
-0.0016363576467708617
1076
1.9976811457628134
-0.001632585184193456
1077
1.9977016193954347
-0.0016287046823954393
1078
1.9977213970756271
-0.00162494429880348
1079
1.997741079316584
-0.001621190528449051
1080
1.997761263723715
-0.0016173289449799683
1081
1.9977807641951952
-0.001613586567194622
1082
1.9978001729029962
-0.0016098504096675305
1083
1.997820079201466
-0.0016060065729012556
1084
1.9978393134056136
-0.0016022810136155897
1085
1.997858459687115
-0.0015985612282351626
1086
1.9978780995229721
-0.0015947337980632202
