1
0.0
0.0
2
0.0
0.0
3
0.0
0.0
4
0.0
0.0
5
0.0
0.0
6
0.0
0.0
7
0.0
0.0
8
0.0
0.0
9
0.0
0.0
10
0.0
0.0
11
0.0
0.0
12
0.0
0.0
13
2.9999822674757874
-3.950590040054136e-08
14
2.9999823927036875
-3.97590624452098e-08
15
2.9994072200376274
-6.667621306595458e-08
16
2.997790862382524
-8.512283114974818e-08
17
2.9951318277434567
-1.3619030912617547e-07
18
2.9913029111039706
1.5580557423986856e-07
19
2.9866051793596085
1.6244224916308817e-07
20
2.9816429927237045
1.643612049518232e-07
21
2.9765390230798507
4.1559900416707474e-07
22
2.9715850252091824
5.217136081038935e-07
23
2.9666310213332
5.574041987385915e-07
24
2.9615277742687978
5.511174935954152e-07
25
2.956576219999874
4.281047862037965e-07
26
2.9516314193854334
4.231532894134172e-08
27
2.9465839113608703
5.946087690989308e-07
28
2.941662936827442
9.674919671981539e-07
29
2.936716653817593
8.576101792663057e-07
30
2.931622096208635
7.674210243725955e-07
31
2.9266776801441456
8.40568108161551e-07
32
2.921732621468507
9.590925452022497e-07
33
2.9166368541534506
1.1353579153676081e-06
34
2.9116900734254973
1.350267412774187e-06
35
2.906742413598116
1.5938313049485447e-06
36
2.90164391013918
1.860385957495362e-06
37
2.8966944824420064
2.1240674700718014e-06
38
2.8917442049512956
2.3805845547570715e-06
39
2.8866430523604443
2.6629262499604093e-06
40
2.881691116355131
2.9230702832059437e-06
41
2.8767383932664523
3.165658108293749e-06
42
2.8716347967791034
3.391064706211542e-06
43
2.8666806663236275
3.581038067604715e-06
44
2.8617267991982516
3.7093079586887768e-06
45
2.8566238247985813
3.8058236039907078e-06
46
2.851672994696306
3.7291518313158705e-06
47
2.846734516164328
3.3180975542232587e-06
48
2.841696201812212
4.359760878551221e-06
49
2.836758196272526
4.618618152658055e-06
50
2.831813310891148
4.4820211384052035e-06
51
2.826718944347686
4.61308444078411e-06
52
2.8217744401397953
4.804336819752387e-06
53
2.816829199920579
5.058502237753693e-06
54
2.81173322166861
5.3890276920734865e-06
55
2.806786237845257
5.7661138278952274e-06
56
2.8018383814516996
6.188152948013455e-06
57
2.7967396829616926
6.658745976674302e-06
58
2.7917900771575983
7.143180698283102e-06
59
2.787077462920508
7.604817866483705e-06
60
2.782395086494022
8.044029320352066e-06
61
2.778300553724358
8.529990724656631e-06
62
2.7747433423833257
8.833450054088083e-06
63
2.771461303890187
9.14860540479078e-06
64
2.7686023649671783
9.453712093523588e-06
65
2.7660489604334293
9.707033041323345e-06
66
2.7637121131560463
9.916524205365608e-06
67
2.7617039127140424
1.0115276132698337e-05
68
2.7599435122070948
1.0301232191531329e-05
69
2.7583699661617906
1.0471947937833443e-05
70
2.7570565532571796
1.0641357571689384e-05
71
2.7559472840664156
1.0812999373955785e-05
72
2.755004454486619
1.09753648053788e-05
73
2.7541259622416012
1.107421284033775e-05
74
2.7530864264553943
7.247675441839201e-06
75
2.751763835712497
6.277091806874664e-06
76
2.7505183207299737
9.137292296943345e-06
77
2.748772691225526
1.714059720548272e-05
78
2.748772691225526
1.714059720548272e-05
79
2.748303192218737
1.9795244437365554e-05
80
2.7481006008031748
2.2082961695363297e-05
81
2.7481363701966064
2.4401852182843398e-05
82
2.7483256443953206
2.6466895929739577e-05
83
2.7486855363896536
2.8243734683002122e-05
84
2.7492611691065343
2.9706658731301816e-05
85
2.750046976133998
3.075939867564712e-05
86
2.7510866794094477
3.148756029324158e-05
87
2.752410660541454
3.164062121175491e-05
88
2.7538459504388375
3.1893526015780807e-05
89
2.755372739309524
3.204328644129811e-05
90
2.7569986237085398
3.216571006228023e-05
91
2.7586235557397574
3.223467292050097e-05
92
2.760296177655139
3.225557412818837e-05
93
2.76202075005571
3.2217451325441877e-05
94
2.7637807735929076
3.2138078176320265e-05
95
2.7655928577884987
3.199735373767603e-05
96
2.7675040193156457
3.178760680257646e-05
97
2.7695392218977593
3.153865282806819e-05
98
2.7716060857093736
3.1204813434104554e-05
99
2.773612623311599
3.081816960220914e-05
100
2.775618491026544
3.0367681061630976e-05
101
2.777626024812102
2.984347286566154e-05
102
2.7797388468619912
2.921053269952024e-05
103
2.781830185985397
2.8508572364188263e-05
104
2.784108851546664
2.7680722806734255e-05
105
2.786395368777065
2.676199422986619e-05
106
2.788641361204937
2.5769054157974123e-05
107
2.7909223226366175
2.4667387660062423e-05
108
2.79330716955094
2.3411954744430735e-05
109
2.795654699536416
2.207204844639452e-05
110
2.798035069111138
2.0607572089497117e-05
111
2.800519499052814
1.8961982037822948e-05
112
2.802960863979052
1.7226572341962616e-05
113
2.8054321434820193
1.5349884024263757e-05
114
2.8080072874518454
1.3264108796082656e-05
115
2.810533788770772
1.1087375544956106e-05
116
2.813086519650558
8.756220961098079e-06
117
2.8157409867162024
6.191344128909483e-06
118
2.8183416001355694
3.5386916385351445e-06
119
2.820966250405937
7.190023412901547e-07
120
2.823693370264046
-2.3493989837256062e-06
121
2.8263616521443735
-5.435184721580112e-06
122
2.829051159255665
-8.631348094553364e-06
123
2.8318424582636297
-1.208585090991286e-05
124
2.8345708939194765
-1.5719108321967498e-05
125
2.8372980392003155
-1.9577562878608465e-05
126
2.840113955016359
-2.4322421982802876e-05
127
2.8428136563025532
-2.8215168297817824e-05
128
2.8454863453955483
-3.129084819494693e-05
129
2.8483037878833875
-3.524132270560645e-05
130
2.8511431722660805
-3.9802942768080735e-05
131
2.853991531513031
-4.478289433250391e-05
132
2.8569638833949442
-5.007474904910121e-05
133
2.8598642535891634
-5.530809171716003e-05
134
2.8627780626950012
-6.0672000117150496e-05
135
2.8657933041211816
-6.632946233636645e-05
136
2.8687321697506416
-7.195195262618985e-05
137
2.8716822068443046
-7.770519637920127e-05
138
2.8747323940618843
-8.377607584883724e-05
139
2.877704277532552
-8.980623598170214e-05
140
2.8806876260599714
-9.597871798843034e-05
141
2.883772519615763
-0.00010249621445324729
142
2.886777176028817
-0.00010897935722447185
143
2.8897923039372966
-0.00011562387352616003
144
2.8929090058840248
-0.0001226442189838296
145
2.895943653893046
-0.0001296327006307337
146
2.898987899945221
-0.00013679859565151126
147
2.902133744882448
-0.00014436918390706594
148
2.9051958579009978
-0.00015190302223783316
149
2.908266736675284
-0.00015962295994783414
150
2.9114392074292073
-0.00016777548138017202
151
2.9145263784659052
-0.00017587940659417658
152
2.917621503253467
-0.0001841751887969809
153
2.9208180685565237
-0.00019291763634662155
154
2.923927445305105
-0.0002016027312591621
155
2.927043052838444
-0.0002104558612777167
156
2.9302587704125047
-0.0002197456692184472
157
2.933379220622958
-0.00022890228022849298
158
2.9365082937534543
-0.00023825718220918298
159
2.939736636397619
-0.00024809291929396267
160
2.9428668988013538
-0.00025773797348187634
161
2.945966413124888
-0.00026806547572216023
162
2.949127251617862
-0.00027784755077814175
163
2.9522473600568606
-0.0002884529341057332
164
2.9553998061735243
-0.00030004136210866377
165
2.958650034966475
-0.00031188369037377534
166
2.961807266936108
-0.00032344390907937566
167
2.964970091426246
-0.0003350777785940207
168
2.9682351106925897
-0.00034714025241558606
169
2.971409344779314
-0.0003589181426480682
170
2.9745840757743762
-0.000370750829006632
171
2.9778065797388544
-0.00038281968318899486
172
2.980985407054222
-0.0003947901978077622
173
2.984170654721243
-0.0004068444063444384
174
2.9874530214311767
-0.00041933003399332577
175
2.9906283870400765
-0.000431477221821213
176
2.9937971458287542
-0.00044366880954886385
177
2.997053872020489
-0.00045627478177779414
178
3.000207151689274
-0.0004685587223077442
179
3.0033609369647785
-0.0004809260854380708
180
3.006601242363642
-0.0004937220350941143
181
3.0097261261558823
-0.0005061563242873575
182
3.0128404259463366
-0.0005186403710349168
183
3.016038407639849
-0.0005315593060620566
184
3.0191326695236187
-0.0005441586992658799
185
3.022215952327825
-0.000556813678077326
186
3.025381677549389
-0.0005699120906789261
187
3.028454203580879
-0.0005827261022820625
188
3.0315040132270386
-0.0005955348605967604
189
3.0347615436408284
-0.0006094275505690532
190
3.037813189450464
-0.0006225896484844064
191
3.0408204183416756
-0.0006357686510435245
192
3.0439028833207984
-0.0006494279934179327
193
3.0469085518769576
-0.0006642170988138879
194
3.0498781769178605
-0.0006778083079188916
195
3.052874064642723
-0.0006919784943525987
196
3.055820106456785
-0.000706967312903026
197
3.0587687769268586
-0.0007222347191130068
198
3.0617987192701754
-0.0007379059329142032
199
3.0648442035115155
-0.0007537888119224643
200
3.067778392469088
-0.0007692733141124111
201
3.070769317800237
-0.000785025716416938
202
3.073657238754394
-0.0008002086090408453
203
3.0765330309763907
-0.0008153020141577706
204
3.079483876839916
-0.0008307636633635142
205
3.082339171405666
-0.0008457011038621738
206
3.0853149468781296
-0.0008613160028296409
207
3.088254430130916
-0.0008767504424277767
208
3.091088776769436
-0.0008916094576318199
209
3.093917980283568
-0.0009064228516057518
210
3.0968290662974547
-0.0009216479290992903
211
3.0996505363703575
-0.0009363873416064742
212
3.102467638538964
-0.000951089422386848
213
3.1053657400468824
-0.0009662011042354138
214
3.1081790847936754
-0.0009808600173392902
215
3.11098791794132
-0.000995490063027347
216
3.1138714023345067
-0.0010105049302611994
217
3.116657399948151
-0.001025007422911258
218
3.1194372119053067
-0.0010394737587776873
219
3.1222974035274587
-0.0010543560734618826
220
3.1250697067830973
-0.0010687800758172046
221
3.1278379032854255
-0.0010831815210041605
222
3.1306856644238716
-0.0010979957978404426
223
3.133444797062159
-0.0011123381123935162
224
3.136198607826233
-0.0011266368950780309
225
3.139030415533159
-0.0011413181143088522
226
3.1417733126711647
-0.0011555109395520967
227
3.144510093868345
-0.0011696818906963252
228
3.147322314847494
-0.0011842552493019035
229
3.1500430930035583
-0.0011979153496200095
230
3.1527270853010703
-0.0012120422685733807
231
3.15545255088944
-0.001226443325777725
232
3.158127346302741
-0.001241457920375837
233
3.1608199341678
-0.0012575173747192247
234
3.1635933057065477
-0.0012737683185984352
235
3.1662818392528296
-0.0012894235987053351
236
3.168966950150324
-0.0013049482704650833
237
3.1717302952270856
-0.0013208038873620009
238
3.174412620658963
-0.001336074642484912
239
3.177088883299729
-0.0013511907506633075
240
3.1798431931707984
-0.0013666213155346947
241
3.182513637545355
-0.0013814599264369669
242
3.185181121042815
-0.001396162719572119
243
3.1879266526631085
-0.0014111720895502236
244
3.190588574262985
-0.001425604540116776
245
3.19324748134557
-0.0014399039651418993
246
3.195984106864756
-0.0014545004756695774
247
3.198637348440962
-0.0014685378072391132
248
3.201287600111622
-0.0014824478101710492
249
3.2040153966068914
-0.0014966485490734165
250
3.2066601575467373
-0.0015103068306546684
251
3.2093019914749026
-0.001523843633330145
252
3.212021142858748
-0.0015376666907146008
253
3.21478004375481
-0.0015516360460942698
254
3.217420725297805
-0.0015649366802883763
255
3.2201223994241155
-0.001578457935080097
256
3.2227393369016855
-0.0015914594345570751
257
3.2253527597821874
-0.0016043486343894624
258
3.228043927937456
-0.0016175222075849051
259
3.230654445839673
-0.0016302045212463338
260
3.233263221102644
-0.0016427855261426797
261
3.235948928089638
-0.0016556361959293427
262
3.2385531720041065
-0.0016679942439980244
263
3.2411547468662687
-0.0016802338754087049
264
3.243832533801255
-0.0016927163164965333
265
3.246428755772826
-0.0017047094866875264
266
3.2490238928970636
-0.001716631173359919
267
3.251691029787925
-0.0017287829376719324
268
3.2542662419848365
-0.0017406121204554459
269
3.256795905362465
-0.0017529143466061923
270
3.259377711366286
-0.0017646174973240832
271
3.261931597801835
-0.001777185103186497
272
3.264514031194334
-0.0017907317359906708
273
3.2671789935327493
-0.001804348743306621
274
3.26976612055569
-0.001817395293002119
275
3.2723504424796173
-0.0018302465437296121
276
3.2750100922239063
-0.0018432790254577496
277
3.277588958775261
-0.001855727111169973
278
3.2801653748316415
-0.0018679755234318743
279
3.2829349040030915
-0.0018810280181768876
280
3.2855128607560253
-0.0018930461266641178
281
3.288075338110232
-0.0019048115377124106
282
3.2907124729456063
-0.0019167315101825575
283
3.2932687093827964
-0.0019281049862579845
284
3.2958223002219436
-0.0019392908222510888
285
3.298452706730471
-0.0019506318436501445
286
3.301005170236108
-0.00196146418412353
287
3.30355686532874
-0.001972127597421197
288
3.3061852138452563
-0.001982938930015352
289
3.3087354228561443
-0.0019932655365838352
290
3.3112847162589594
-0.0020034310466481467
291
3.3139105170684497
-0.0020137406517008113
292
3.3164582035805776
-0.0020235906621114018
293
3.3190063757952477
-0.0020333101576912446
294
3.321629477851073
-0.0020431806073933595
295
3.3241670789953575
-0.002052592240804467
296
3.3267026159015947
-0.0020618608771353956
297
3.3293152162375534
-0.0020712713185498644
298
3.331851187595755
-0.0020802722490016034
299
3.334387177533095
-0.002089142340051016
300
3.336999919945363
-0.0020981490987462157
301
3.3395353182167993
-0.0021067594217683352
302
3.3420703676078904
-0.002115238680512357
303
3.344680436102093
-0.0021238303387608494
304
3.347212505020051
-0.0021320283710877185
305
3.349742701154426
-0.002140091854857895
306
3.3523465798909378
-0.002148297031615744
307
3.3548679845504643
-0.002156141162444019
308
3.3573763682867823
-0.0021639962434158583
309
3.359913736355697
-0.0021734299155400146
310
3.3623414780033887
-0.002180540046578475
311
3.3648059099130854
-0.002188663630438618
312
3.3673916060982565
-0.002197832062656492
313
3.3724194664843834
-0.002215120421762252
314
3.3724194664843834
-0.002215120421762252
315
3.375009093301065
-0.0022237505924418595
316
3.377522301233294
-0.002231942029577008
317
3.3800356422691595
-0.0022399532728926133
318
3.382625306842318
-0.0022480162864454405
319
3.3851388281455645
-0.00225566003044597
320
3.387652389020124
-0.0022631293944420762
321
3.3902425267069876
-0.0022706470443232345
322
3.392756239515756
-0.0022777727206581837
323
3.3952698716285488
-0.002284737879183335
324
3.397859599517487
-0.0022917496988108877
325
3.4003730560899648
-0.002298400849012165
326
3.402886382640945
-0.0023049050394886935
327
3.4054759174030043
-0.0023114598851778
328
3.40798934619764
-0.0023176829407575966
329
3.4105024994212307
-0.002323774591293032
330
3.4130916702676353
-0.0023299201510526874
331
3.4156043994830325
-0.002335763750563943
332
3.418117574699767
-0.002341495435402831
333
3.420705890472943
-0.0023472857961331973
334
3.4232185602541545
-0.0023528157264497925
335
3.4257300476645436
-0.0023582544536130514
336
3.42831812099078
-0.0023637695909576933
337
3.430826564232142
-0.0023690261565834287
338
3.4333308340650697
-0.002374196521995267
339
3.435908659664109
-0.002379440990461606
340
3.438410684738993
-0.002384456045092204
341
3.440912817289899
-0.002389409565181697
342
3.4434904648187463
-0.002394445248060679
343
3.445991775839236
-0.002399266117607574
344
3.448492437267344
-0.002404020217233446
345
3.451068251476167
-0.002408848096454164
346
3.4535675971500686
-0.002413489578975286
347
3.4560658074462003
-0.0024181246221160273
348
3.458637483645769
-0.0024228480587902995
349
3.4611179927674933
-0.002427912763086623
350
3.4635501967540123
-0.0024346179386220174
351
3.46602600048615
-0.0024385559340855054
352
3.468474109135228
-0.0024432646989607366
353
3.47097903417122
-0.0024486594757712862
354
3.473561884272375
-0.00245408040937449
355
3.4760675954342686
-0.0024592670143728616
356
3.4785714585985925
-0.002464357222895601
357
3.481149871662503
-0.0024695065023877458
358
3.4836515412314597
-0.002474407584111252
359
3.4861525184659614
-0.002479216561742105
360
3.4887288817742723
-0.002484080725787916
361
3.491228989673362
-0.002488719546768445
362
3.4938427854633973
-0.002493531210417886
363
3.496422987823466
-0.002498235392836484
364
3.4989142701352507
-0.0025027206719238633
365
3.5014031200371005
-0.0025071512116368933
366
3.503967794734566
-0.0025116715181898565
367
3.5064552521603716
-0.002516012408139975
368
3.508937083892834
-0.002520319367840121
369
3.511494522016681
-0.0025247398656768403
370
3.5139753859383687
-0.0025290068132399726
371
3.5164575710333033
-0.002533279334588979
372
3.5190166594142527
-0.0025376933875621926
373
3.5215018091489307
-0.002541997011550635
374
3.5239881806146323
-0.0025463277713606834
375
3.5265510811230305
-0.0025508280818931778
376
3.5290394517434587
-0.0025552377045763796
377
3.531528551097512
-0.0025596992571129203
378
3.53409388063005
-0.0025643543344306134
379
3.536584286869396
-0.002568934275595535
380
3.5390751054851517
-0.002573581395476329
381
3.5416418692312694
-0.0025784361818121473
382
3.544133209817192
-0.0025832329782667354
383
3.5466241755015853
-0.002588103148110669
384
3.5491902023748048
-0.0025931958209997287
385
3.5516800467866516
-0.0025982071229924083
386
3.5541687633997405
-0.0026032823425022494
387
3.5567307828163868
-0.002608596668761263
388
3.55921324569691
-0.002613890767637477
389
3.561687906782141
-0.002619252417314451
390
3.564223280181202
-0.002625179696846665
391
3.5666397324899215
-0.002633055628845431
392
3.5690150446432445
-0.002637816635756505
393
3.5714948412873713
-0.0026435295373114227
394
3.5739579970098805
-0.0026498643715594885
395
3.5764211070860354
-0.0026561936314904583
396
3.5789558504616292
-0.002662814486874317
397
3.5814123178357558
-0.0026692777746134635
398
3.5838635310428644
-0.002675780217787393
399
3.5863890280154016
-0.0026825349203054567
400
3.5888294622078
-0.0026891051619456247
401
3.5912641105908296
-0.0026957233809370134
402
3.593766201359296
-0.0027025947435523777
403
3.5961880273207543
-0.0027093200597549305
404
3.5986026051225917
-0.0027161061465230027
405
3.601082936983206
-0.0027231699120697887
406
3.6034835684754682
-0.002730095910832517
407
3.6058845665433727
-0.002737125164117367
408
3.6083420332042584
-0.002744416741576059
409
3.610727520891731
-0.002751622074543941
410
3.613095410352525
-0.00275888379839191
411
3.615525821668772
-0.0027664812175859058
412
3.6178755228337196
-0.0027739673470460993
413
3.620215538684775
-0.0027815683513009028
414
3.6226167667335094
-0.002789527863798067
415
3.6249477205938856
-0.0027974211431206334
416
3.627258602460581
-0.002805393987874949
417
3.629629172628551
-0.0028137572573122857
418
3.6320203505796522
-0.0028224174759980624
419
3.6343058755136455
-0.002830828846589819
420
3.6366552954037754
-0.002839700496089028
421
3.638907911608901
-0.0028483784123017365
422
3.6411492890141366
-0.0028572094436256205
423
3.6434481536156325
-0.0028664657959363554
424
3.64566798823527
-0.0028755977560391993
425
3.647875797913455
-0.002884879363903286
426
3.65013893034489
-0.0028945922325352234
427
3.652335092931572
-0.002904212843176108
428
3.654509383239586
-0.0029139155156689264
429
3.6567488635722203
-0.0029241016977110683
430
3.65891117345528
-0.0029341138830402506
431
3.6610508604543908
-0.002944212985570973
432
3.6632420309141116
-0.002954876046514433
433
3.6653565562936636
-0.002965318287148156
434
3.667452543129559
-0.002975995305408135
435
3.6695712605922672
-0.0029886256121822285
436
3.6715747447468985
-0.002998776995101115
437
3.6735842417644773
-0.0030093404006102877
438
3.675704604330163
-0.003021240470356736
439
3.67776273924084
-0.0030333261935009096
440
3.6798100079503944
-0.0030454005600625026
441
3.6819063059764843
-0.003057933721610653
442
3.683928606219212
-0.0030701863632887666
443
3.685950590754815
-0.003082592957624731
444
3.6880101493035857
-0.0030953864829824803
445
3.689997555907997
-0.003107888407799491
446
3.691973339314796
-0.0031204689565458143
447
3.693997577915315
-0.0031335189552631738
448
3.695951834281523
-0.0031462750470746524
449
3.6978947311151678
-0.0031591137712331913
450
3.699885198427249
-0.003172432929417025
451
3.7018061252412813
-0.0031854461900532043
452
3.703715694046398
-0.0031985423058560063
453
3.7056718483514643
-0.003212122928384384
454
3.70756008051436
-0.0032253939046736745
455
3.709436949277239
-0.0032387484410094174
456
3.7113593625278827
-0.003252601585589307
457
3.713214196597835
-0.003266142369710273
458
3.715058169364008
-0.0032797788278945595
459
3.7169467933618425
-0.003293929974677632
460
3.718780110388553
-0.0033078504892406235
461
3.720590839851207
-0.0033217748741910394
462
3.722443416629655
-0.003336213136424602
463
3.7242283899534248
-0.0033503098787121036
464
3.7260002295287724
-0.003364487230608527
465
3.727814383435128
-0.0033791980313309165
466
3.7295651316258183
-0.0033935842531882528
467
3.731305670077403
-0.003408075465517328
468
3.733088802069868
-0.0034231198986262087
469
3.734809533178678
-0.003437832618292534
470
3.736519949854133
-0.0034526489490832894
471
3.7382719520116265
-0.0034680266629786953
472
3.739962413683529
-0.003483059434384325
473
3.74164253921263
-0.0034981930432676387
474
3.743363350889911
-0.0035138956296805837
475
3.7450235676779275
-0.003529241378021496
476
3.746673684563288
-0.0035446866934841226
477
3.748362943714489
-0.0035606977245423313
478
3.7499915218868582
-0.003576330798516162
479
3.751607659387781
-0.0035920328134549165
480
3.7532585399081735
-0.0036082632616901544
481
3.754845676916424
-0.003624052103631018
482
3.7564170207078056
-0.00363986275107284
483
3.75802107923706
-0.0036561867473499194
484
3.759565100621029
-0.003672075189435741
485
3.7610983212177604
-0.0036880214055708296
486
3.762670102963193
-0.003704545167316439
487
3.764189047905169
-0.003720705839248385
488
3.765700683613843
-0.003736970448252679
489
3.76725049927821
-0.003753816134506246
490
3.7687481936487095
-0.0037701704421057034
491
3.7702349742862604
-0.003786516322965054
492
3.7717410032660905
-0.0038040147349395256
493
3.7731574997822865
-0.0038201220176080834
494
3.7745305707836185
-0.003835904274577299
495
3.7759416790932048
-0.0038520598380672524
496
3.777346649934056
-0.0038688685888517795
497
3.778796712119425
-0.00388698841158834
498
3.78029446559211
-0.0039060261870703947
499
3.7817349135937577
-0.003924430814038761
500
3.783165193177982
-0.0039428218818290004
501
3.7846280266932015
-0.003961747205937272
502
3.7860380995485006
-0.003980097098872005
503
3.787447884638526
-0.003998543185110286
504
3.7888802920753646
-0.00401738570826899
505
3.790260655408293
-0.0040356361789098075
506
3.7916313455169552
-0.004053846578901137
507
3.7930342404247583
-0.004072573811975513
508
3.7943868964181275
-0.004090713226253782
509
3.7957307389076003
-0.004108813444029048
510
3.7971062867183214
-0.004127420717336665
511
3.7984326130825594
-0.004145437327671846
512
3.80109787176547
-0.004181859206249695
513
3.80109787176547
-0.004181859206249695
514
3.8024063029156987
-0.004199843544259904
515
3.80369317694244
-0.004217593240564592
516
3.8050072629779628
-0.004235786555359832
517
3.8062711685823634
-0.004253345276745458
518
3.8075252298717093
-0.0042708255583024
519
3.8088100718021742
-0.004288793001311912
520
3.810050513108769
-0.004306192230731191
521
3.8112840504226546
-0.004323544845608032
522
3.8125479763287857
-0.004341376231498179
523
3.8137677779182955
-0.004358632492914165
524
3.814980301289741
-0.004375830211473456
525
3.816222275014782
-0.004393490157801905
526
3.8186113813693097
-0.00442758516011552
527
3.8186113813693097
-0.00442758516011552
528
3.819838462188981
-0.004445156632172136
529
3.8209933336212925
-0.004461730553970948
530
3.822162973763357
-0.004478551367120465
531
3.823362583368129
-0.004495833995866013
532
3.824519627316792
-0.004512531593976227
533
3.8256689260849868
-0.004529142817335603
534
3.8268453960176334
-0.004546170780626284
535
3.827979867406358
-0.004562611689472657
536
3.829114488665054
-0.004579073766841384
537
3.8313811682528716
-0.004612010600380429
538
3.8313811682528716
-0.004612010600380429
539
3.8336239150449147
-0.00464464521303254
540
3.8336239150449147
-0.00464464521303254
541
3.8347206961991707
-0.004660615704846434
542
3.8358032059009584
-0.004676384669777561
543
3.836911362281723
-0.004692526808809296
544
3.8379806458371104
-0.0047081000724664675
545
3.839043187655733
-0.004723570595190061
546
3.840131206551433
-0.004739404302009372
547
3.841180672753779
-0.004754666766075068
548
3.8422233901841425
-0.004769818504017375
549
3.843297850777526
-0.004785414095520114
550
3.844327643673071
-0.004800347925650454
551
3.845350561713748
-0.004815161684124905
552
3.84639787946264
-0.00483030364603832
553
3.8474083335197857
-0.004844884923003867
554
3.848412207795979
-0.004859341034565858
555
3.849439945653069
-0.004874105440837048
556
3.8504310823884023
-0.00488830655427243
557
3.8514156541991005
-0.004902373559065008
558
3.8524235499211548
-0.004916728945107077
559
3.8533954491853057
-0.00493052560945051
560
3.85436728978519
-0.004944269890594068
561
3.855355382649898
-0.0049581917929024145
562
3.8563142143458204
-0.004971641117700676
563
3.8572665976996143
-0.004984941569865921
564
3.8582346545831756
-0.004998398027318454
565
3.859167822312327
-0.005011299748869671
566
3.8600946137003715
-0.0050240407054047385
567
3.861043191891982
-0.00503700105194181
568
3.861957754581285
-0.005049415085555477
569
3.8638334124459788
-0.005074594959766965
570
3.8638334124459788
-0.005074594959766965
571
3.8647726007514698
-0.005087061521705392
572
3.8656616454425605
-0.005098774951987114
573
3.8665644096336216
-0.005110586583513498
574
3.867433403159183
-0.005121862753274725
575
3.8682969509743397
-0.005132967070268354
576
3.8691814922917285
-0.005144229538233405
577
3.870035069493863
-0.005154979693675887
578
3.8708837618772036
-0.0051655439250715965
579
3.87175211039087
-0.005176241316884441
580
3.8725899504518786
-0.005186398947070015
581
3.8734167884995894
-0.005196344923214748
582
3.874245046941346
-0.005206477048377597
583
3.8750144282324133
-0.005217237607627185
584
3.875737301824844
-0.005227763547401587
585
3.8764299444043866
-0.005239639587280901
586
3.877066292009518
-0.005249145839148069
587
3.8776924647955915
-0.005255423243706046
588
3.878351964035453
-0.005262589410487072
589
3.8790285924457915
-0.00527045915624831
590
3.879761594963081
-0.0052795377793365475
591
3.880588293747891
-0.0052901917833169795
592
3.8814123657902186
-0.005301341108149025
593
3.8822443591259113
-0.005312414162260312
594
3.8830826338223945
-0.005323400570937387
595
3.8838962850236323
-0.005333884646631769
596
3.8846890155837785
-0.005343929720025595
597
3.885495265014761
-0.005353954774186737
598
3.886268856234702
-0.005363390334277109
599
3.88703358863701
-0.005372532963719325
600
3.8878130996017153
-0.005381654922951544
601
3.8885628449071006
-0.005390234891954963
602
3.8893058866767625
-0.005398544379997497
603
3.8900649941586876
-0.005406827989380505
604
3.8907956913780337
-0.005414600274369052
605
3.8915202972193854
-0.005422106737893605
606
3.8922609632638823
-0.005429567059726128
607
3.8929742744807068
-0.005436543341292199
608
3.8936819952420962
-0.005443257305415973
609
3.8944059014456216
-0.005449905954651667
610
3.895103392327719
-0.00545609720146149
611
3.895795699030237
-0.005462028791194176
612
3.896503921527072
-0.005467871551731575
613
3.89718645618514
-0.005473282334826362
614
3.8978511771732847
-0.005478338576284117
615
3.8985443890539258
-0.005483377586245642
616
3.8992145151838233
-0.0054880229495857125
617
3.8998799251879293
-0.005492413640818711
618
3.9005606141124445
-0.005496671602064023
619
3.9012165656522027
-0.0055005469321994455
620
3.9018677270299778
-0.005504168500400539
621
3.9025339378677466
-0.005507636683058983
622
3.903176058142122
-0.005510748268161392
623
3.9038136050457752
-0.005513609088176359
624
3.9044659896236076
-0.005516296231637052
625
3.905099260417339
-0.005518668499724996
626
3.9057237706297205
-0.005520779273779058
627
3.9063509024232244
-0.0055226615023286196
628
3.9075817584945223
-0.005525635746409117
629
3.9075817584945223
-0.005525635746409117
630
3.908214661280617
-0.00552679670923117
631
3.9088204548408947
-0.005527672402547535
632
3.909422377476336
-0.0055283070491692204
633
3.9100382397067137
-0.005528709813040536
634
3.9106317886398543
-0.005528858248826713
635
3.9112210592410626
-0.005528769217614719
636
3.9118239923510503
-0.005528430422096389
637
3.9124053453228878
-0.005527862976296278
638
3.91298258167464
-0.00552706235105986
639
3.913573235310548
-0.005525994735044723
640
3.9141425816648923
-0.005524724460161426
641
3.9147079071041873
-0.005523225640819967
642
3.915286406186542
-0.00552144330574862
643
3.9158440657856493
-0.005519484167130567
644
3.916401786596107
-0.005517285202922848
645
3.916968482986734
-0.005514804793823811
646
3.917518545763332
-0.005512154238710617
647
3.918060937631695
-0.0055093058540235055
648
3.9186158472407726
-0.005506144475032743
649
3.919150970513032
-0.005502854905257876
650
3.919682425970377
-0.0054993516364346875
651
3.9202263424361887
-0.005495519479792224
652
3.9207509056658236
-0.005491584436160405
653
3.921271840094292
-0.005487441683618991
654
3.9218050954024863
-0.005482955584819142
655
3.922319170987881
-0.005478393301837842
656
3.9228296443037474
-0.0054736297381398485
657
3.92335203621855
-0.0054685115471084355
658
3.92385563131767
-0.005463341933100712
659
3.9243557131592786
-0.00545797714648058
660
3.924867490371552
-0.005452245714647965
661
3.92538184609238
-0.0054462374898635495
662
3.925871956808926
-0.0054402965259171725
663
3.926372099374012
-0.005433996037749363
664
3.926857583209498
-0.005427647051416559
665
3.9273366349850245
-0.005421157337061004
666
3.9278269733030458
-0.005414278918889698
667
3.928299891144707
-0.005407416956850524
668
3.928769738389231
-0.005400376156677333
669
3.9292507972043773
-0.005392934725684177
670
3.9297177660113958
-0.005385484396030695
671
3.9301787073610726
-0.005377911285730176
672
3.931105129309872
-0.005362019856147992
673
3.931105129309872
-0.005362019856147992
674
3.93155990619858
-0.005353887555261398
675
3.9320212547587396
-0.0053454145226379535
676
3.932464875287948
-0.005337050366808951
677
3.9329036486218643
-0.005328565739304033
678
3.933350104847283
-0.0053197119370047615
679
3.9337773567375223
-0.00531102569806137
680
3.9341978397363175
-0.005302268166132881
681
3.934631085982391
-0.005293021740593364
682
3.9350373753606314
-0.005284146640845857
683
3.9354352970913675
-0.005275248916335363
684
3.935845284996414
-0.005265859364823393
685
3.936227145452464
-0.005256914382025958
686
3.93660001526891
-0.005247978651492039
687
3.9369760532958678
-0.0052387576609201954
688
3.9373335962847045
-0.005229789022732475
689
3.937683907602751
-0.005220806211854157
690
3.938038213079621
-0.0052115191372254744
691
3.9383765145394496
-0.005202458712182638
692
3.9387101791970793
-0.005193334842786147
693
3.9390506671991763
-0.005183829485357485
694
3.9393796512162615
-0.005174456343712736
695
3.939708750491083
-0.005164893140007496
696
3.9400478809755026
-0.005154843161861207
697
3.9403836145797966
-0.005144696719645298
698
3.9407260774524566
-0.00513415168115769
699
3.941084428261982
-0.00512291852763123
700
3.94143653864399
-0.005111691846027049
701
3.9417921939768217
-0.005100169386523126
702
3.9421616502990453
-0.005088012506487673
703
3.942885261972984
-0.005063672425766095
704
3.942885261972984
-0.005063672425766095
705
3.9432589370431472
-0.005050839874717771
706
3.943622887534586
-0.005038168946268299
707
3.943986890093979
-0.0050253365030827665
708
3.944362098994831
-0.00501194226089842
709
3.944725683302499
-0.004998810368812978
710
3.94508833162305
-0.004985564103675246
711
3.9454608484939477
-0.004971804149571173
712
3.94582113720951
-0.004958348965495544
713
3.94618001002362
-0.004944804998950502
714
3.946548181391574
-0.004930765268962407
715
3.946903867760334
-0.004917064284666631
716
3.947257747002715
-0.004903300735488758
717
3.9476204769131935
-0.004889057842360491
718
3.947970637162814
-0.004875180237069679
719
3.948332536369623
-0.0048606878386529585
720
3.9486893441350515
-0.004846321290795169
721
3.9490326167474343
-0.0048323633932222014
722
3.949375960827986
-0.004818285236599926
723
3.949725380459832
-0.004803841622511434
724
3.950062333767301
-0.004789805458728156
725
3.950397175638308
-0.00477575343896068
726
3.9507400652160682
-0.004761258834818828
727
3.9510708462650213
-0.0047471724745399855
728
3.9513993789878485
-0.004733077309442448
729
3.9517355967312557
-0.004718544005053821
730
3.9520597096699244
-0.004704430183612435
731
3.9523816039215602
-0.004690309719125398
732
3.95271097348423
-0.004675756302856634
733
3.9530284311939172
-0.004661629302856935
734
3.9536662354692296
-0.004632952554226487
735
3.9536662354692296
-0.004632952554226487
736
3.953979317906375
-0.004618748851511342
737
3.9542879560054796
-0.004604629541159909
738
3.954908565177473
-0.004576001585815458
739
3.954908565177473
-0.004576001585815458
740
3.955213160630139
-0.004561844202271404
741
3.9555225672847087
-0.004547349483680721
742
3.955820685281421
-0.004533319986443838
743
3.956116629239764
-0.004519317459307888
744
3.9564194032224402
-0.00450491692661828
745
3.956711208778986
-0.004490966950312349
746
3.957000902340925
-0.004477051639686005
747
3.95729937152819
-0.004462675707564211
748
3.9575851002030715
-0.004449001854699534
749
3.957868666706931
-0.004435363153858403
750
3.9581587560899796
-0.0044213565302910806
751
3.95843828298142
-0.00440771150207074
752
3.958716196945183
-0.004394031350556551
753
3.959000555009746
-0.0043799740673858886
754
3.959550532131308
-0.004352623094917575
755
3.959550532131308
-0.004352623094917575
756
3.95983075275432
-0.004338604030381225
757
3.9600987772111282
-0.0043251414125479535
758
3.9603647569904394
-0.004311733918782399
759
3.960636883886204
-0.004297968919167159
760
3.9608991680245658
-0.004284657576226736
761
3.9611595728289193
-0.004271399797523539
762
3.9614260105507504
-0.004257793045763472
763
3.961682824707631
-0.004244639011487199
764
3.961937794814524
-0.004231542960311769
765
3.962198667902174
-0.004218108658598496
766
3.962460592082216
-0.004204577690224468
767
3.9627103686897036
-0.004191654693290476
768
3.9629644818052516
-0.004178477046748803
769
3.963208889244646
-0.004165775372051999
770
3.963450943448055
-0.0041531703076283
771
3.963697735860548
-0.004140293495792539
772
3.9639345738624794
-0.004127913530948193
773
3.964168763884527
-0.00411565096094711
774
3.9644076950358675
-0.004103119609045809
775
3.9646377385399254
-0.004091035704433747
776
3.9648663884618953
-0.004079007720155525
777
3.9651011778352236
-0.004066640355523036
778
3.9653282602564617
-0.004054664742111533
779
3.965554375235939
-0.004042728073078293
780
3.965786459313915
-0.004030465898466318
781
3.9660106845912133
-0.004018610962938711
782
3.966233545571224
-0.004006822539805386
783
3.9664618899657818
-0.003994740202070782
784
3.9666824828821943
-0.003983065565826448
785
3.9669018327214753
-0.003971455761833297
786
3.9671262701364234
-0.003959577283492377
787
3.9673425485072022
-0.00394813249473352
788
3.967557455660188
-0.0039367634030535534
789
3.9677777499548985
-0.003925113800082494
790
3.9679906187603304
-0.003913862433271745
791
3.9682024052903393
-0.0039026747807490267
792
3.9684193824980643
-0.0038912212827810905
793
3.968628687362156
-0.0038801822242154355
794
3.968836568258524
-0.003869228337237037
795
3.9690492155452257
-0.003858035145343079
796
3.96925407969517
-0.0038472643075240127
797
3.9694572094447214
-0.0038365978437174446
798
3.969664778990273
-0.0038257132163028503
799
3.969864762673466
-0.0038152417586745633
800
3.970063512507966
-0.003804851016762023
801
3.970267293848787
-0.003794215098231663
802
3.9704639755017266
-0.003783967703528654
803
3.970665540943219
-0.003773478427576885
804
3.9708699934330305
-0.0037628384800026254
805
3.9710588690667077
-0.003753045588759713
806
3.9712470101533257
-0.0037433059075005232
807
3.971444990615104
-0.003733068578973666
808
3.9716361254998462
-0.003723196529332911
809
3.971822480608313
-0.003713654211518593
810
3.972010427440566
-0.0037040318216621914
811
3.972190667066778
-0.003694814883336046
812
3.972369205757383
-0.003685721414000041
813
3.9725503508017304
-0.003676524985580506
814
3.9727209548394637
-0.0036679136039718427
815
3.972883503111081
-0.0036597422186257895
816
3.973039676398128
-0.0036519490507048273
817
3.973178705208102
-0.0036450771762346237
818
3.9733083522702626
-0.0036387458567150614
819
3.9734384067227833
-0.003632422264733415
820
3.9735641518974596
-0.0036264239943210375
821
3.9736917938808443
-0.0036204621845415856
822
3.973827549540928
-0.003614276558511236
823
3.9739654586520663
-0.003608156442129967
824
3.974111495630463
-0.0036018441902253263
825
3.9742724708661457
-0.0035950557308382656
826
3.974440586903352
-0.003588125766744862
827
3.9746222588236746
-0.003580783142243213
828
3.9748217932535943
-0.003572861110604914
829
3.975008123356795
-0.0035653865625759067
830
3.9751882653179513
-0.0035582190369144538
831
3.975373706938624
-0.0035508764722663537
832
3.97554812645987
-0.0035439828523425236
833
3.9757221919380945
-0.0035371475792150223
834
3.975897481974819
-0.003530285613438575
835
3.976066577582339
-0.0035237002188582113
836
3.9762328788249386
-0.003517250056906469
837
3.9764027986859714
-0.0035106896475552004
838
3.976565546340862
-0.003504435767117282
839
3.976726667151796
-0.003498270046719829
840
3.976890849608469
-0.0034920181655911987
841
3.9770486528267663
-0.003486034785347189
842
3.9772048461710643
-0.003480140281766401
843
3.977365698686816
-0.0034740984201709186
844
3.9775252051205303
-0.0034681405041833663
845
3.9776773817363678
-0.0034624509962602884
846
3.9778315885147575
-0.003456797256098036
847
3.977982096641924
-0.003451194248313199
848
3.9781281417378973
-0.0034458816137400705
849
3.9782751765624815
-0.0034405337509466564
850
3.9784117316938024
-0.0034356338490446935
851
3.9785392259135235
-0.0034310618601282685
852
3.97866803677757
-0.003426468058122018
853
3.978794039842182
-0.003422067538557592
854
3.9789197074260856
-0.0034174035987639337
855
3.979049585958009
-0.0034125951774278828
856
3.9791758556642427
-0.003407913402552947
857
3.979302002280823
-0.003403223049970739
858
3.9794320255360134
-0.003398386815676836
859
3.979557982453583
-0.0033936860306091094
860
3.979683763907035
-0.0033889859384286227
861
3.979813305181576
-0.003384139663305721
862
3.979938436376336
-0.003379439981753355
863
3.9800636352806884
-0.0033747363955585934
864
3.9801980383787465
-0.0033697119761719966
865
3.9803209281688194
-0.0033649991318602935
866
3.980444177006411
-0.003360386807354903
867
3.980570035015209
-0.0033556295768260172
868
3.980691283840856
-0.0033511247551397203
869
3.9808092673589934
-0.0033468085933433685
870
3.980924441572103
-0.0033426017958727203
871
3.9810284794680477
-0.003338678656570555
872
3.981126665559703
-0.0033349066795709172
873
3.9812287652693086
-0.0033309770217106022
874
3.9813365620726535
-0.003326783621023044
875
3.9814556146568356
-0.0033218465601357224
876
3.9815832769858694
-0.003316922667996437
877
3.9817061926449067
-0.003312101183925315
878
3.981828994425086
-0.003307260860566751
879
3.9819533617854144
-0.003302332060323848
880
3.982073237987742
-0.0032976040020557067
881
3.9821922739810742
-0.0032929093720636127
882
3.9823139676379427
-0.0032880803402910016
883
3.98243122916042
-0.00328341091961393
884
3.982547743882792
-0.0032787735584795543
885
3.982667133296347
-0.0032740312071393453
886
3.982782221246607
-0.0032694251277878062
887
3.982896589088559
-0.003264837799676857
888
3.9830144590043974
-0.0032601184915682932
889
3.983127629832796
-0.0032555837993199902
890
3.983240798261626
-0.003251039196669377
891
3.983356121130219
-0.0032463948604569384
892
3.9834675304872316
-0.0032419142244772747
893
3.98357838660767
-0.003237444041253268
894
3.983692077610252
-0.003232851149815422
895
3.983802389206612
-0.0032283801546300443
896
3.983911767029825
-0.003223956879085281
897
3.984023875627786
-0.003219401780870344
898
3.9841320348315183
-0.0032149754383152844
899
3.984239493017157
-0.0032105488374627768
900
3.9843494767757495
-0.0032059911227956574
901
3.9844554826391594
-0.003201570981275913
902
3.984559968535424
-0.0031973848812217147
903
3.9846651143627754
-0.0031930553922900114
904
3.984867472983455
-0.003184790560699536
905
3.984867472983455
-0.003184790560699536
906
3.98497112122085
-0.0031805179780993982
907
3.9850699328986416
-0.0031764932712920013
908
3.9851682381090887
-0.003172414356349457
909
3.985268304598007
-0.00316826767497607
910
3.985364860905328
-0.003164252984170758
911
3.985460535309389
-0.003160253092649483
912
3.985558267343544
-0.0031561546180140015
913
3.985652415406356
-0.0031521897913901966
914
3.9857457911389362
-0.003148240127027747
915
3.9858412263749865
-0.003144185227895596
916
3.9859331459269867
-0.003140261878856267
917
3.986024329718387
-0.0031363511285994834
918
3.986117554024259
-0.0031323323941061724
919
3.98620735717859
-0.003128441340785331
920
3.9862964704236368
-0.003124559861501665
921
3.986387602740301
-0.0031205681476048908
922
3.9864754064583248
-0.003116700105614535
923
3.9865664185924903
-0.0031126649924511224
924
3.986655145769788
-0.003108704446297376
925
3.9867409737633066
-0.00310485809595871
926
3.986826146145107
-0.0031010155894906563
927
3.9869131671074354
-0.0030970621296641516
928
3.9869970525078298
-0.003093225556440987
929
3.9870809944258956
-0.00308935841480263
930
3.9871662009301363
-0.003085407088383437
931
3.9872484927365863
-0.0030815645472679586
932
3.987330808115497
-0.0030776904927373927
933
3.987414949842645
-0.0030737000709837483
934
3.987495495341468
-0.003069854035356916
935
3.987575536126746
-0.0030660038389706233
936
3.987657447037224
-0.0030620316536654982
937
3.987736401285952
-0.0030581712355954036
938
3.987814818000146
-0.0030543057695434617
939
3.9878950884658266
-0.003050315428086689
940
3.987972481647816
-0.003046434948014858
941
3.9880498962255753
-0.003042517623089852
942
3.988128550809773
-0.003038505081225422
943
3.9882079392832934
-0.003034412974842536
944
3.988283140567112
-0.0030305060708884814
945
3.988360089091056
-0.0030264761373529556
946
3.9884342920052256
-0.00302255346132994
947
3.988508005258624
-0.0030186201866552447
948
3.98858347985999
-0.0030145542853141282
949
3.988656271475501
-0.003010594909565297
950
3.9887286181824124
-0.0030066218763021802
951
3.9888028466786065
-0.003002503311461817
952
3.9888745884446317
-0.0029984815683714726
953
3.9889459938196348
-0.002994438533635929
954
3.9890192252522523
-0.002990250362098033
955
3.9890899623525113
-0.002986164468814784
956
3.9891603488283214
-0.0029820593502120915
957
3.98923252038214
-0.002977808980530085
958
3.9893022210967355
-0.0029736643314003733
959
3.989374436171777
-0.002969324605202062
960
3.9894484235153342
-0.0029648345879197506
961
3.98951686772431
-0.0029606473867768834
962
3.9895848253872916
-0.002956453857111994
963
3.989654497563481
-0.002952114671433391
964
3.989721784008781
-0.0029478854444414584
965
3.9897887330202404
-0.002943639764116732
966
3.9898573773761545
-0.002939247389869271
967
3.989923668807892
-0.0029349676810459134
968
3.989989618090518
-0.002930673030832212
969
3.9900572261186364
-0.0029262318044375995
970
3.990122505749234
-0.0029219062283245244
971
3.990187438204009
-0.0029175672081017227
972
3.9902539946023956
-0.0029130817243736783
973
3.990318250902372
-0.0029087145643300095
974
3.9903821584453785
-0.002904335274220375
975
3.990447656518714
-0.002899809658481832
976
3.990510878138911
-0.00289540523183797
977
3.9905737608386875
-0.002890989098631932
978
3.99063819316037
-0.0028864274301814243
979
3.990700379644699
-0.0028819892576090887
980
3.9907622111153893
-0.0028775417459246558
981
3.990825567465055
-0.0028729484698827717
982
3.990886715727594
-0.0028684805506715245
983
3.9909475150735263
-0.0028640040415882618
984
3.9910122697580706
-0.0028591936867467483
985
3.9910724030404836
-0.0028546970860197883
986
3.9911325377285944
-0.002850166538771977
987
3.9911936550490514
-0.002845528090307652
988
3.99125263234493
-0.0028410184282587456
989
3.991311298464067
-0.00283649956767952
990
3.9913714210597977
-0.002831834202308257
991
3.9914294547763087
-0.002827297752371118
992
3.9914874887814187
-0.002822727905550134
993
3.99154662349107
-0.0028180383974256112
994
3.9916036937116037
-0.0028134800491613054
995
3.9916604394985225
-0.0028089157453830764
996
3.9917185845022938
-0.0028042057173853956
997
3.9917747027027137
-0.002799627785634382
998
3.991830499100915
-0.0027950447712430473
999
3.9918876688290603
-0.0027903163301613485
1000
3.991942843849927
-0.0027857213223326073
1001
3.9919977006541774
-0.002781122007318694
1002
3.992054219403757
-0.002776350260696672
1003
3.9921084638282545
-0.0027717402791403896
1004
3.9921623852618757
-0.002767127531029919
1005
3.9922176284638304
-0.0027623701730499902
1006
3.992270954875716
-0.0027577473479071268
1007
3.9923239695812027
-0.002753121767591951
1008
3.992378280973096
-0.002748352057154192
1009
3.9924306898255595
-0.002743719468413724
1010
3.9924827887880614
-0.0027390850160850973
1011
3.9925361608707135
-0.002734306851460642
1012
3.9925876768797104
-0.002729665356936764
1013
3.992638900377125
-0.0027250214121256585
1014
3.9926913733530656
-0.002720234237780071
1015
3.99274200579115
-0.0027155860286301623
1016
3.99279233653785
-0.0027109372499011662
1017
3.9928438948181206
-0.0027061456595682885
1018
3.992893933771488
-0.0027014658176881907
1019
3.9929433886426873
-0.002696813620280872
1020
3.992994038556834
-0.002692020158174633
1021
3.9930429121213775
-0.0026873668430025697
1022
3.99309149867373
-0.002682713548291668
1023
3.9931412762192995
-0.0026779177383401517
1024
3.99318931441267
-0.002673262001024209
1025
3.9932370733612825
-0.0026686064656092864
1026
3.993286013529903
-0.0026638077740845775
1027
3.9933332439134874
-0.002659149680744187
1028
3.9933801978986034
-0.0026544924382170577
1029
3.993428301471515
-0.0026496936704885994
1030
3.9934747217849953
-0.0026450362439521665
1031
3.9935211423936408
-0.0026403518273414774
1032
3.9935684212601847
-0.0026355546239673036
1033
3.9936140235785453
-0.002630901492797435
1034
3.9936593550667774
-0.0026262505109598024
1035
3.9937058027290044
-0.0026214584303215277
1036
3.9937506243711867
-0.0026168084421177504
1037
3.9937951797494
-0.0026121610232535592
1038
3.9938408212617142
-0.002607374224855695
1039
3.993884860636309
-0.002602730247621538
1040
3.99392863505784
-0.0025980896041163264
1041
3.9939734735147407
-0.002593310537551853
1042
3.994016735295363
-0.0025886747636143527
1043
3.9940597341857567
-0.00258404299799141
1044
3.9941037757806246
-0.0025792737541847043
1045
3.994146266457298
-0.0025746481500383313
1046
3.9941884983424503
-0.0025700269888160776
1047
3.9942317537546534
-0.0025652691194585674
1048
3.9942734850760675
-0.002560655020030244
1049
3.994314959467996
-0.002556046033058852
1050
3.994357444654849
-0.0025513004256886287
1051
3.9943984307138196
-0.0025466988326659497
1052
3.9944391614077928
-0.002542103043920135
1053
3.994482307472723
-0.002537204890147076
1054
3.994522565922686
-0.0025326162926493337
1055
3.994562470606701
-0.002528046045136548
1056
3.994603331319351
-0.002523342969887689
1057
3.994642750900496
-0.0025187832227914
1058
3.994681927011083
-0.002514229646995115
1059
3.9947220485414396
-0.0025095432790612844
1060
3.9947607522752615
-0.002505000392828694
1061
3.9947992134497423
-0.0025004643961432124
1062
3.9948385999222116
-0.002495796799732571
1063
3.9948765922464453
-0.0024912727133291667
1064
3.994914344458372
-0.0024867560449210136
1065
3.994953003189359
-0.002482108867331074
1066
3.994990292076467
-0.002477605054125875
1067
3.9950273440149844
-0.002473109080141536
1068
3.995065284544474
-0.0024684836424046187
1069
3.995101879712394
-0.002464001318154419
1070
3.9951382414850727
-0.002459527194663073
1071
3.9951754814506915
-0.0024549237514172955
1072
3.995211409529217
-0.002450461923014311
1073
3.995247107244623
-0.0024460086955310698
1074
3.9952838880973496
-0.002441398440543075
1075
3.9953191427435804
-0.0024369602469013667
1076
3.9953541619107256
-0.0024325321276225153
1077
3.995390017377603
-0.0024279778257932498
1078
3.995424607493557
-0.0024235644693359273
1079
3.9954589758890107
-0.0024191601474965446
1080
3.9954941656824174
-0.002414630515913974
1081
3.9955281048250764
-0.0024102425030067907
1082
3.9955618247876683
-0.002405863948097373
1083
3.9955963501344987
-0.0024013611508349004
1084
3.9956296479913815
-0.0023969994490117014
1085
3.9956627302954213
-0.0023926474660577466
1086
3.995696602157247
-0.0023881723292222927
1087
3.995729269072009
-0.00238383775542816
1088
3.9957617237782106
-0.0023795131771657176
1089
3.9957949522621106
-0.002375066578002162
1090
3.995826997789822
-0.002370760010040794
1091
3.9958582536681293
-0.0023665446757394517
1092
3.99588965820171
-0.002362294311226673
1093
3.9959193932076618
-0.0023582555761226254
1094
3.9959484062925643
-0.0023543013549461346
1095
3.9959776150469986
-0.002350306488724172
1096
3.9960053258010237
-0.002346503111370418
1097
3.996033037622833
-0.0023426833711770586
1098
3.996060362063837
-0.0023389069695062873
1099
3.9960862962649237
-0.002335310410762552
1100
3.99611223295141
-0.0023316983131973874
1101
3.9961383992366004
-0.0023280415992378845
1102
3.996162779863488
-0.0023246254865357204
1103
3.996186657409487
-0.002321268918025675
1104
3.996210803631136
-0.002317862915311641
1105
3.9962338003487856
-0.0023146079193691535
1106
3.996256363242525
-0.0023114037607704545
