1
0.0
0.0
2
0.0
0.0
3
0.0
0.0
4
0.0
0.0
5
0.0
0.0
6
0.0
0.0
7
0.0
0.0
8
0.0
0.0
9
0.0
0.0
10
0.0
0.0
11
0.0
0.0
12
0.0
0.0
13
0.0
0.0
14
0.0
0.0
15
8.999982267475788
-3.9505900710020303e-08
16
8.999982392703687
-3.975906248638153e-08
17
8.999407220037627
-6.667621307014337e-08
18
8.99779086238252
-8.512283117656927e-08
19
8.995131827743453
-1.3619030917993856e-07
20
8.991302911103968
1.5580557422674072e-07
21
8.98660517938583
1.624449289441783e-07
22
8.981642992856465
1.643938128311699e-07
23
8.976539023203465
4.1555132079031515e-07
24
8.971585025265272
5.216582725293368e-07
25
8.966631021265917
5.573062068967921e-07
26
8.961527774091932
5.511826377654123e-07
27
8.956576219755174
4.282533888613655e-07
28
8.951631419253399
4.2583354178218795e-08
29
8.946583910606986
5.948672339447683e-07
30
8.941662913567242
9.67572119317715e-07
31
8.936716632269851
8.588949294149871e-07
32
8.931622073183066
7.670315447343599e-07
33
8.926677655381829
8.38878340609935e-07
34
8.921732593455292
9.546583060069278e-07
35
8.916636817766278
1.1245496524232227e-06
36
8.91169002874234
1.3287076696245545e-06
37
8.906742361445858
1.5571827558042113e-06
38
8.901643850715995
1.8040073163539144e-06
39
8.896694416165069
2.0446499924974438e-06
40
8.891744133349556
2.2892143305353563e-06
41
8.886642981940991
2.552190751421126e-06
42
8.881691050430167
2.7902928531004653e-06
43
8.876738335194544
3.0122645073746813e-06
44
8.871634749412303
3.2186107439772046e-06
45
8.866680632237351
3.3918203756133257e-06
46
8.861726780935859
3.503641389384905e-06
47
8.856756157104432
3.5384600847900807e-06
48
8.852100602276822
4.1373970068428265e-06
49
8.847547282582758
3.2416653235084535e-06
50
8.842907075593226
3.558038564478665e-07
51
8.838590843538249
-3.0259272330671783e-06
52
8.834581195270475
-4.674873745079406e-06
53
8.83088265648955
-5.479271709118378e-06
54
8.827807246475269
-5.6053200492159414e-06
55
8.825268556793448
-5.493663883477431e-06
56
8.822945295325356
-5.1343126028420125e-06
57
8.820863068874662
-4.771085579926385e-06
58
8.818940146500607
-4.418178231592548e-06
59
8.817104722284702
-4.05881377220512e-06
60
8.815447141542565
-3.714597733471371e-06
61
8.813915061651803
-3.3800996463561467e-06
62
8.81245123327372
-3.043100026323145e-06
63
8.811127594551465
-2.7228649762881604e-06
64
8.809904876215201
-2.4140215543559437e-06
65
8.808736069446676
-2.105156085924602e-06
66
8.807677922521956
-1.8132424668437343e-06
67
8.806701234794758
-1.532597900002895e-06
68
8.805767521254277
-1.252261177760263e-06
69
8.804920949255836
-9.871256326583744e-07
70
8.804140544634407
-7.319695833844363e-07
71
8.80339435231816
-4.770331846013116e-07
72
8.802716932963712
-2.350854652565453e-07
73
8.802093386328144
-1.8739220740192338e-09
74
8.8014974786277
2.3243313646846302e-07
75
8.80095614939693
4.5643788416763987e-07
76
8.800460798531915
6.720706423255697e-07
77
8.799986528461053
8.908745086011504e-07
78
8.799552512966274
1.103083693126889e-06
79
8.799154743701532
1.3098103963237404e-06
80
8.79877449250223
1.5211637604831651e-06
81
8.798426735244895
1.727557506673796e-06
82
8.798108931902203
1.930443703847581e-06
83
8.797805161069604
2.1398084329677e-06
84
8.79752635344078
2.3467640084338986e-06
85
8.79727246865266
2.5514926878081485e-06
86
8.797029878874733
2.7643353847873637e-06
87
8.796806247489267
2.9768117932816164e-06
88
8.796603533815846
3.188239347917252e-06
89
8.796409943446225
3.409567612567336e-06
90
8.796230517856532
3.6328552238850625e-06
91
8.796068831344915
3.855953369510354e-06
92
8.79591457032533
4.0910329935047215e-06
93
8.7957707058291
4.330403876575513e-06
94
8.795642145756197
4.570419570415251e-06
95
8.795519848113948
4.824617356072486e-06
96
8.795406210503558
5.0839349371433905e-06
97
8.795307087129821
5.342914539653738e-06
98
8.795211542326559
5.6213202878550445e-06
99
8.795119621682508
5.911652571125722e-06
100
8.795039344129169
6.204390444867954e-06
101
8.794963199825267
6.5174785018368886e-06
102
8.794889768187371
6.844074032697423e-06
103
8.794826700828601
7.173097251898955e-06
104
8.794767075961166
7.52548028991297e-06
105
8.79470849251918
7.894765587064633e-06
106
8.794659371522403
8.265303044770284e-06
107
8.794613204522967
8.662063354163515e-06
108
8.794566683865511
9.07948908318218e-06
109
8.794528440234183
9.485342510979616e-06
110
8.794492064955067
9.904925204729722e-06
111
8.794454381562286
1.03506041041728e-05
112
8.794423646739949
1.076201825633384e-05
113
8.794394410688955
1.1183658022554534e-05
114
8.794363280998164
1.1634900522452611e-05
115
8.79433863222417
1.204055397389709e-05
116
8.794315457142867
1.2450526290202781e-05
117
8.794291559589196
1.2877020189891228e-05
118
8.79427385815325
1.3245779896894243e-05
119
8.794255553707908
1.3637388443181936e-05
120
8.794234008971907
1.4075878903792617e-05
121
8.794217736491142
1.4456669934916744e-05
122
8.794202084792067
1.4843566547990156e-05
123
8.794183472088916
1.527745351624492e-05
124
8.794169618932429
1.5650450688353974e-05
125
8.794156155917095
1.6030652089328817e-05
126
8.794139736566486
1.6461645039030697e-05
127
8.794127557272605
1.6830902611683922e-05
128
8.794115575178065
1.7209037812392856e-05
129
8.794100786520257
1.7639564560037566e-05
130
8.794089693517007
1.8010111601399114e-05
131
8.79407862558082
1.8391831696397076e-05
132
8.794069750057918
1.8731856403477696e-05
133
8.794099084447188
1.829662372800142e-05
134
8.794157147093475
1.7257146597951363e-05
135
8.794245141066376
1.5528174645985463e-05
136
8.794379378038087
1.2693106237332864e-05
137
8.794568314241593
8.58568681940151e-06
138
8.794802201087041
3.421754991692706e-06
139
8.795095067913318
-3.1089728791192637e-06
140
8.79545221671388
-1.0674566446672635e-05
141
8.795852505551121
-1.98196042922998e-05
142
8.796317075739985
-3.0423233888294233e-05
143
8.796864893211499
-4.288244340470574e-05
144
8.797468051489913
-5.659689252217378e-05
145
8.798149117777799
-7.208615563846949e-05
146
8.798928186744185
-8.981146462905272e-05
147
8.799756967663841
-0.00010866980341726498
148
8.800661838733403
-0.0001292547480092582
149
8.801668673559337
-0.0001521455713369747
150
8.802715553594485
-0.00017592643850500045
151
8.803834499027145
-0.00020131723171277907
152
8.805057611938043
-0.00022903605817450705
153
8.806310413246452
-0.00025738540764969796
154
8.807630450795738
-0.00028720774204455323
155
8.809055954089494
-0.0003193527224807535
156
8.810500704559912
-0.0003518640095423796
157
8.81200512630269
-0.0003856422880695961
158
8.813614974323134
-0.00042169913577948416
159
8.815234057341598
-0.0004578691648274483
160
8.816909190132304
-0.0004951900625721762
161
8.818689201676383
-0.0005347339838207255
162
8.820466787116734
-0.0005741046303564519
163
8.822295916813045
-0.0006144914239816972
164
8.824230984553756
-0.0006570697531543455
165
8.826154715735564
-0.0006992395609894072
166
8.82812492316921
-0.0007422615084892262
167
8.83020053353966
-0.0007873992238186775
168
8.832256403552567
-0.0008319120829911946
169
8.834354254000628
-0.0008771270066202244
170
8.836558807505622
-0.0009244042586207849
171
8.838737084189185
-0.0009708779348704926
172
8.84094334578609
-0.0010176611766110244
173
8.843216556656092
-0.001062193158976449
174
8.845396010060636
-0.0010992278120374524
175
8.847568346714922
-0.0011459762029783116
176
8.849861061912739
-0.0011966358918866725
177
8.85218552369531
-0.0012501295463715138
178
8.854576369619542
-0.0013072420359487877
179
8.857117482426986
-0.0013689602317485988
180
8.859626509393932
-0.0014295495421746663
181
8.862161332691793
-0.0014903615721538707
182
8.864797453662769
-0.001553160564710292
183
8.867380984180278
-0.0016142677634124103
184
8.869987849589931
-0.001675489205519376
185
8.872697169632147
-0.0017386501648362165
186
8.875349948042738
-0.001800033104806604
187
8.878024010348486
-0.0018614461516485935
188
8.880800598332325
-0.0019247207587563475
189
8.883516863859821
-0.0019861341324824565
190
8.886252460553587
-0.002047496426726382
191
8.889090591317164
-0.002110639956229486
192
8.891864888331323
-0.002171852841413685
193
8.894656487217969
-0.002232937921186116
194
8.897550472788781
-0.002295723110953501
195
8.900376726085165
-0.002356508163801056
196
8.903216727267827
-0.0024170611462807825
197
8.906154765319602
-0.0024791480847330453
198
8.90901682705025
-0.0025390960749951306
199
8.911886769357736
-0.002598695724954808
200
8.914852957372059
-0.0026597505167736657
201
8.917743239897282
-0.00271870647040212
202
8.920644123365928
-0.002777329746149476
203
8.923648408661592
-0.0028374509818382913
204
8.926581363762065
-0.0028955642992085687
205
8.929528252273066
-0.002953357869143718
206
8.932578550608241
-0.0030125393487784
207
8.935553049011087
-0.003069612088901712
208
8.93853870277869
-0.003126258297930838
209
8.94162764180217
-0.003184080078198244
210
8.944630366028548
-0.0032394791131615027
211
8.947618245442257
-0.0032841413414411193
212
8.950646304745625
-0.003330890854899194
213
8.953607865976332
-0.0033881192253385354
214
8.956597895336637
-0.0034483536669795666
215
8.959740908230552
-0.003513135662648062
216
8.962822379117288
-0.0035760484083853885
217
8.96591191669985
-0.003638347710863107
218
8.969102808498532
-0.0037018626500519036
219
8.972208730439094
-0.0037628877512445175
220
8.975320660848466
-0.0038232404478760417
221
8.978533835918421
-0.0038847269502135765
222
8.981659981423642
-0.003943739871919926
223
8.984789617256318
-0.004002018005869064
224
8.98802011701249
-0.0040613346994576695
225
8.9911628566189
-0.004118220557687068
226
8.994310181704034
-0.004174381002562848
227
8.99755861185734
-0.004231498385964715
228
9.000718293323782
-0.004286232307494483
229
9.003882065702784
-0.004340226731725695
230
9.007146986217823
-0.004395099653618108
231
9.010322538251742
-0.00444764838094835
232
9.013501704391217
-0.004499457653438031
233
9.016782015541903
-0.00455210119270299
234
9.01997236619698
-0.004602530185774303
235
9.023166197440018
-0.004652252067290941
236
9.026461265971035
-0.004702719619366371
237
9.029664938334992
-0.004750966155200513
238
9.03287042219214
-0.004798418615134624
239
9.036175905620944
-0.004846478636682477
240
9.039388364579237
-0.004892324265965928
241
9.04260166661426
-0.004937337628880959
242
9.04591394826162
-0.004982749950706372
243
9.04912135351664
-0.005025093154226082
244
9.052286672217514
-0.005054177812004097
245
9.05552077969638
-0.005098958117246975
246
9.058690639983878
-0.0051452357650607974
247
9.061906037089598
-0.00519336552075756
248
9.065238680187166
-0.0052424540052209805
249
9.068477686802144
-0.005289224246416313
250
9.071717180572888
-0.0053350679844592795
251
9.075056937700735
-0.005381351637426057
252
9.078302147969739
-0.0054253742601753025
253
9.081548170116069
-0.00546847443563603
254
9.084894735244267
-0.005511937455163099
255
9.088146738083404
-0.005553230376323571
256
9.091399466838253
-0.005593609385513367
257
9.094752807694398
-0.005634275019160133
258
9.098011075866467
-0.005672858447519757
259
9.1012699050435
-0.005710538311974607
260
9.104629360886726
-0.00574843551139578
261
9.107893346096574
-0.005784342843361997
262
9.11115759426894
-0.005819360685569356
263
9.11452203169058
-0.005854526967256894
264
9.117788980517085
-0.005887794179983653
265
9.121054456263636
-0.00592021085642491
266
9.124419049059279
-0.005952763642760938
267
9.127685475045318
-0.005983538000277382
268
9.130949193299346
-0.006013438007344067
269
9.134311431998663
-0.0060433489495767346
270
9.13757678170455
-0.006071531259006043
271
9.140841076607005
-0.006098844580634974
272
9.144205069323242
-0.00612608883088691
273
9.14747239034908
-0.006151712840355627
274
9.150736346982107
-0.006176392933431538
275
9.154070101838274
-0.006198576447866097
276
9.157258446295375
-0.006221750876164362
277
9.16047328849272
-0.006247313822245669
278
9.16383243294437
-0.006275528561250062
279
9.167113642283754
-0.006302304557546168
280
9.170394993596464
-0.006328198289035982
281
9.173776233680663
-0.006353946943732558
282
9.17706052884176
-0.006378055164890863
283
9.180344313995766
-0.006401271411062314
284
9.183728081750793
-0.006424274008238171
285
9.1870132530302
-0.006445722079692117
286
9.190297096235499
-0.006466302660179792
287
9.193681336197676
-0.006486622731852045
288
9.196968586475007
-0.006505506936069538
289
9.200255272923581
-0.006523559207633229
290
9.203642406856632
-0.006541309620623912
291
9.206932578940918
-0.006557733297010652
292
9.210222180010346
-0.006573360953995924
293
9.213612301117324
-0.006588650335926416
294
9.216905358846947
-0.006602723107268707
295
9.220197773052616
-0.006616051684719238
296
9.223590782906172
-0.006629049106424743
297
9.226886815491195
-0.006640981723424797
298
9.230182454233294
-0.0066522268954669565
299
9.233578713636371
-0.0066630769096085694
300
9.236877293218962
-0.006672903320767266
301
9.240174302912388
-0.006682040459137859
302
9.24357069792725
-0.006690736898323787
303
9.246868242195744
-0.006698488734265383
304
9.250163096353239
-0.006705586739513775
305
9.253552890139657
-0.00671229350012685
306
9.256815022018685
-0.006719040774027402
307
9.260025653202467
-0.006724948140770138
308
9.263345943808075
-0.006731260091617409
309
9.266634362698326
-0.0067384033123968025
310
9.269932416642277
-0.006744898067790802
311
9.273330689314474
-0.006750892055403277
312
9.276630142864938
-0.006756025128466924
313
9.27992462682804
-0.006760481789558642
314
9.283318829797924
-0.006764376210491209
315
9.286615735667507
-0.006767491096141575
316
9.289912026995076
-0.0067699629540387395
317
9.293308990209102
-0.0067718550424238815
318
9.296608515229018
-0.006773072866414099
319
9.299907323327368
-0.006773696721743426
320
9.303306770172686
-0.0067737345586869665
321
9.306608602130758
-0.006773195786578493
322
9.309909588052017
-0.006772107917204343
323
9.313311099166535
-0.006770430150656609
324
9.3166147994542
-0.006768276848845617
325
9.319917234941864
-0.006765628137026731
326
9.323318647535295
-0.006762418592811641
327
9.326620240389595
-0.0067588656630442326
328
9.329919633894797
-0.006754906906827134
329
9.333317410103357
-0.006750394993508309
330
9.336614339482178
-0.006745591630334811
331
9.339907336507249
-0.0067403842549266495
332
9.343298417824988
-0.006734671826746922
333
9.346589843539512
-0.00672876282870869
334
9.349878816934892
-0.00672250379222215
335
9.353267055712697
-0.006715763421418404
336
9.356556506546244
-0.006709112279435715
337
9.35983320890206
-0.00670261494219652
338
9.363165469461563
-0.006695198500985177
339
9.366389864368053
-0.006686481396914595
340
9.36967780663607
-0.006678180891784172
341
9.373074658214318
-0.006669012271757719
342
9.376374657403604
-0.006659743087856212
343
9.379673240217947
-0.006650109222525249
344
9.38307191926534
-0.0066398037449463465
345
9.386372889630609
-0.006629433692944735
346
9.389672610332841
-0.006618726881703704
347
9.39307097888987
-0.006607361770238821
348
9.396370042478491
-0.006596016837419066
349
9.399667923816063
-0.006584388297028177
350
9.403066193383443
-0.00657212520790022
351
9.406366791692305
-0.006559957119891571
352
9.409666393566642
-0.006547559578793226
353
9.413066408136412
-0.006534559015376447
354
9.416368695187469
-0.0065217321283708996
355
9.419669998218424
-0.006508730557289031
356
9.423071910047017
-0.006495171536659863
357
9.42637610002064
-0.006481872452623738
358
9.429679298224931
-0.006468454023235135
359
9.433083005112191
-0.006454514920077142
360
9.436388838451577
-0.006440881871528991
361
9.43969357603792
-0.006427174891540534
362
9.443098550168257
-0.006412987381846753
363
9.44640477161457
-0.006399173576287113
364
9.449708797317417
-0.006385335035456367
365
9.45311187169083
-0.0063710632995901606
366
9.456415354100272
-0.0063572162963856415
367
9.45971474632837
-0.0063434184300590925
368
9.463106941210505
-0.00632981801952843
369
9.466370157509068
-0.006318156397653128
370
9.469612614172197
-0.006302481018018421
371
9.472997601499596
-0.006286405900324676
372
9.476298209135862
-0.006270470251157143
373
9.479596953716806
-0.006254570804319054
374
9.48299494219125
-0.0062381872959097065
375
9.486294754360937
-0.00622227818916015
376
9.489593471852688
-0.0062063835129204286
377
9.49299269249426
-0.006190027179988318
378
9.496294242035539
-0.00617417978242061
379
9.49959484234576
-0.006158390735959046
380
9.502995952086009
-0.006142191109775184
381
9.50629933370904
-0.0061265426401811785
382
9.509601747828407
-0.006110997098419148
383
9.513004210905914
-0.006095099269763374
384
9.516305276150444
-0.0060798079019379414
385
9.519598530004526
-0.006064700043928431
386
9.522982400776764
-0.00604934570431623
387
9.5262570179322
-0.006034666640386494
388
9.529516755976086
-0.006020248643031873
389
9.53286092531176
-0.006005672206591323
390
9.53609148835827
-0.005991814440976445
391
9.539299028706049
-0.005978287562460988
392
9.542579945338044
-0.005964704653348267
393
9.545742628720388
-0.005951867984512141
394
9.548881111900878
-0.00593939876903126
395
9.552093095568576
-0.005926921231489239
396
9.555191776722793
-0.005915158791812099
397
9.558267679859677
-0.005903779631838219
398
9.561414041620854
-0.005892468634380744
399
9.564445400443354
-0.005881881382095148
400
9.567451431863878
-0.0058740213437652655
401
9.570499369147194
-0.005864800554803065
402
9.573438669706059
-0.005853685385134225
403
9.576386451288505
-0.005842838317074341
404
9.579402838082233
-0.005831894456691012
405
9.582310279180646
-0.005821670207040809
406
9.585193781080951
-0.005811790229223005
407
9.58814279240406
-0.005801957604530959
408
9.590986006815584
-0.005792741939265575
409
9.593806772136347
-0.005783854521714622
410
9.59669199523613
-0.005775038440946052
411
9.599474829928779
-0.005766802655706041
412
9.602235606475604
-0.005758901407245629
413
9.605059100790074
-0.0057511121860975975
414
9.607780649651227
-0.005743897578528754
415
9.610478920720785
-0.005737039856544733
416
9.613236504611573
-0.005730348372257376
417
9.61589511381447
-0.005724214662427755
418
9.618532467161089
-0.005718450246752521
419
9.621229880526398
-0.0057128954063194685
420
9.623833534240635
-0.005707870697890042
421
9.62641688814599
-0.005703221454256474
422
9.629060090622684
-0.00569882214850762
423
9.63160788284891
-0.005694935825358247
424
9.634134684880864
-0.005691432835125855
425
9.636718495155
-0.005688222336735145
426
9.639209013141354
-0.005685492661595565
427
9.641679455371305
-0.005683146574840161
428
9.644206180687872
-0.005681126912537102
429
9.646642838931735
-0.005679548714183307
430
9.649059549886609
-0.005678349134694544
431
9.651530884405807
-0.005677508395792264
432
9.653913488032519
-0.005677068809932424
433
9.656276008454233
-0.005676991326633208
434
9.658691136613058
-0.005677280672317823
435
9.661018441249892
-0.005677926347391587
436
9.663326080782483
-0.0056789281869657725
437
9.66568345672406
-0.005680343809151554
438
9.66795599708846
-0.005682035495960358
439
9.670205479565697
-0.005684884543851977
440
9.672485987192303
-0.005689725397074331
441
9.674654087800116
-0.0056904994453784415
442
9.676833912874464
-0.00569240262823019
443
9.679093492995337
-0.0056949399972485125
444
9.681272225025936
-0.005697501907416555
445
9.683432736968006
-0.005700382725341887
446
9.685641158852698
-0.00570362385719766
447
9.687769646073848
-0.005707021597052684
448
9.689880671415297
-0.005710654085216705
449
9.692039173371993
-0.005714636399000897
450
9.694118967123014
-0.005718726871840153
451
9.69618020149065
-0.005723020730704496
452
9.698287488466516
-0.0057276604942023196
453
9.700319926791408
-0.005732374423556817
454
9.702337071328394
-0.005737282353117773
455
9.704401062072126
-0.00574253968819643
456
9.706391704302327
-0.005747838232681849
457
9.708367156251684
-0.005753319595045468
458
9.710388258602997
-0.005759160927960034
459
9.712337408205626
-0.005765018117432702
460
9.714271284503676
-0.005771048049770473
461
9.716249577237102
-0.005777444222670625
462
9.718157013174867
-0.00578383062691326
463
9.720049109372875
-0.005790378954001145
464
9.721984217182642
-0.005797296386323242
465
9.723850057817579
-0.005804176836248013
466
9.725701418193687
-0.0058112075579636125
467
9.727595458944604
-0.005818580900892106
468
9.72942158010801
-0.005825852207850712
469
9.731233159298673
-0.005833256588888751
470
9.733086883348749
-0.005841033177141378
471
9.734874906333754
-0.0058487304744827264
472
9.736649435174122
-0.005856572807711332
473
9.738465204866655
-0.005864864762528908
474
9.740216522099377
-0.0058731366096917955
475
9.741954614158947
-0.005881546923954194
476
9.743733079014703
-0.005890357370470888
477
9.74544839910976
-0.005899048738417403
478
9.747150769345458
-0.005907853702454559
479
9.748892968153664
-0.005917038206987493
480
9.750573300730958
-0.00592605995854877
481
9.752240847778143
-0.005935165834531453
482
9.753946857109183
-0.005944634248794691
483
9.755591904419697
-0.005953909848328637
484
9.757224099357511
-0.005963240974007133
485
9.758893721031203
-0.005972909278292354
486
9.76050358092549
-0.005982342987327795
487
9.762100796164614
-0.005991801083048354
488
9.763734840378211
-0.0060015717993934185
489
9.765310373841755
-0.00601109079413331
490
9.766873329087769
-0.006020624618016431
491
9.768471283957258
-0.006030466526929513
492
9.770010625418532
-0.006040015977833127
493
9.771538471863197
-0.006049568537790931
494
9.773084597144084
-0.0060597838292380645
495
9.774550050075247
-0.0060704376414350775
496
9.775960761597313
-0.0060815453378079065
497
9.777373038358805
-0.006089391034780783
498
9.778755151031554
-0.00609815932165912
499
9.780185149607611
-0.0061079364965359656
500
9.781705690232178
-0.00611904135737168
501
9.783171859268947
-0.006129570141050232
502
9.784625196336426
-0.006139990936127036
503
9.786110158781273
-0.0061505961609832445
504
9.787540150889745
-0.0061607457348152065
505
9.788957580872903
-0.006170737252570572
506
9.790406365406662
-0.006180868907174827
507
9.791802477000298
-0.006190546337823548
508
9.79318700380899
-0.006200049666504256
509
9.794604711673275
-0.006209674244262165
510
9.795971572832805
-0.00621884307603518
511
9.797327460703265
-0.006227820743992334
512
9.798714273252589
-0.006236873716680555
513
9.800051399210034
-0.006245470243451562
514
9.801378067323398
-0.006253863344974036
515
9.802735250884224
-0.006262300872366401
516
9.80404455918394
-0.006270290730720478
517
9.805343686539526
-0.006278065490343599
518
9.806672533681555
-0.006285852452364709
519
9.80795370582036
-0.006293193979567267
520
9.809224719161653
-0.006300308490418888
521
9.810524872977098
-0.0063074041922007475
522
9.811778613786105
-0.006314064731391836
523
9.813022732428617
-0.0063204899924762005
524
9.814295676193934
-0.006326865955575612
525
9.815523432555587
-0.006332818493351903
526
9.816741983522066
-0.006338527986263793
527
9.81798895109975
-0.0063441576153474444
528
9.819242295813277
-0.0063495972101827395
529
9.820437104125281
-0.006354573915043613
530
9.821655929614524
-0.00635942558041882
531
9.822830316183188
-0.006363873391290824
532
9.823996346073704
-0.0063680625324589795
533
9.825190210773352
-0.006372109350958819
534
9.826342416562552
-0.006375775383991785
535
9.827486621269689
-0.006379176115506901
536
9.828706169891598
-0.0063825358808392504
537
9.829837352778084
-0.006385411127171535
538
9.8309570006711
-0.006388004514005015
539
9.832103341984132
-0.006390391709778552
540
9.833209800982235
-0.006392431979242262
541
9.834310185598174
-0.006394197324717152
542
9.835436875412226
-0.006395724427086712
543
9.836525532387176
-0.006396926809941437
544
9.83760643432863
-0.0063978498320293314
545
9.838712848136764
-0.006398506740808437
546
9.839780210422639
-0.006398858110131169
547
9.840839748662527
-0.0063989271639330455
548
9.841924322488163
-0.006398702651814661
549
9.842970748143335
-0.006398198559491114
550
9.844009778824597
-0.006397415143667859
551
9.845073226414993
-0.006396314782944691
552
9.846099195466133
-0.006394963116426805
553
9.847117748938528
-0.0063933372065633765
554
9.848160329613025
-0.00639137629021865
555
9.849166285664023
-0.0063891965617226334
556
9.850164992112148
-0.0063867428936708135
557
9.8511872248008
-0.006383924429001005
558
9.852173476685037
-0.006380905096452487
559
9.853152522185848
-0.006377603257014829
560
9.854154501396403
-0.0063738974854997705
561
9.855121092641047
-0.006370002483977346
562
9.85608074682868
-0.006365819602916701
563
9.857061778766488
-0.0063612123369527615
564
9.858007002397649
-0.006356451102485762
565
9.858945243011666
-0.006351404936782374
566
9.85990511890211
-0.006345905112369456
567
9.86082952964357
-0.0063402795487377366
568
9.861745087206813
-0.006334382940114046
569
9.862680930789708
-0.006328011939856535
570
9.863583455216464
-0.006321530865534851
571
9.864479144249895
-0.006314765660841452
572
9.865396145315657
-0.006307487725089993
573
9.866281356412387
-0.006300121078877992
574
9.867160627803178
-0.006292466664878668
575
9.868060846007191
-0.006284274611516116
576
9.868929438554801
-0.006276021446914339
577
9.869791657691856
-0.006267483606105729
578
9.870673938559255
-0.006258386963494393
579
9.871524934151292
-0.006249263736536611
580
9.872368855556127
-0.006239877818426203
581
9.873222658631116
-0.006229966691464019
582
9.874032532816576
-0.006220942098381529
583
9.874841296332773
-0.006211421040363619
584
9.875664688679814
-0.006201685905111461
585
9.876453769623058
-0.00619211061783734
586
9.877232566180306
-0.006182667745550202
587
9.878034854988416
-0.00617268131783663
588
9.878810389713069
-0.006162380847374474
589
9.879578615164073
-0.00615195654412921
590
9.880359362867951
-0.006139346791813683
591
9.881105631712394
-0.006128429340984309
592
9.881860027388946
-0.006117450731782761
593
9.882671283855352
-0.00610595299627546
594
9.88346434068115
-0.006094556375279538
595
9.884237680700998
-0.006082907648957154
596
9.885034519098937
-0.006070663920033596
597
9.885800493811423
-0.006058516719040089
598
9.886558565781682
-0.006046151486250154
599
9.887333756791477
-0.006033162362560322
600
9.888080479954052
-0.006020307521345934
601
9.88882065335963
-0.00600722952993952
602
9.889577194448167
-0.005993516025326874
603
9.890306092230109
-0.005979963364816467
604
9.891028907436581
-0.005966189958510479
605
9.891768116670482
-0.005951755819505968
606
9.892480709627911
-0.0059375050063259285
607
9.893187650250633
-0.005923037808214434
608
9.89391078289771
-0.005907895712873407
609
9.89460907527219
-0.005892941451428139
610
9.895302017065461
-0.005877777204761893
611
9.896010858702402
-0.005861926980217775
612
9.896694383829647
-0.00584631663194657
613
9.897372651181392
-0.0058305073229763735
614
9.898066684687114
-0.005813998834414669
615
9.89873609650964
-0.005797756049499394
616
9.899400434144782
-0.0057813240048773485
617
9.900080168987378
-0.005764186917991453
618
9.900735768550055
-0.005747346493094768
619
9.901386436583417
-0.005730328385385081
620
9.9020521587522
-0.005712600979325747
621
9.902693948388139
-0.0056952076458441445
622
9.90333024134787
-0.00567766899291279
623
9.90398018519744
-0.005659450746409282
624
9.90460544182075
-0.00564163512893293
625
9.905223882059433
-0.0056237352640882395
626
9.905853912832171
-0.005605213368647937
627
9.906458072524936
-0.0055871777086773326
628
9.907053568179377
-0.005569134676330979
629
9.907658783328444
-0.0055505217332029256
630
9.908236852691505
-0.0055324799869460985
631
9.908804812217229
-0.005514497304719418
632
9.909381123779916
-0.00549598350598499
633
9.90993187960938
-0.0054780346770530826
634
9.910474472171446
-0.005460102418777129
635
9.911026863700796
-0.0054415873674324555
636
9.911558452170343
-0.00542352009910506
637
9.912086929553405
-0.005405315228003992
638
9.912630856567366
-0.005386325531357182
639
9.913160938650906
-0.005367575752873715
640
9.913693347515329
-0.005348507770467084
641
9.914244505068321
-0.005328525805012954
642
9.914781670984123
-0.005308819444759306
643
9.915319611120562
-0.005288860094485375
644
9.915874735618146
-0.005268032477119535
645
9.916413851713129
-0.005247585192567145
646
9.916952458396143
-0.005226943506126496
647
9.917507121767224
-0.005205466121434954
648
9.918045383037551
-0.005184407616641974
649
9.918581494023924
-0.005163236705102953
650
9.919131619302657
-0.005141306981966083
651
9.919663569930373
-0.005119903870194219
652
9.920192607064378
-0.005098490952327784
653
9.92073486024282
-0.005076480336009761
654
9.921258658417042
-0.005055078396305183
655
9.921779173167115
-0.005033614318771007
656
9.922312457716314
-0.005011347277832054
657
9.922827420605783
-0.004989677338812406
658
9.923338994501147
-0.004967989665091895
659
9.923862902106537
-0.004945615728429054
660
9.924368610844466
-0.004923864478634442
661
9.924870819509062
-0.004902116233179336
662
9.92538497946593
-0.004879700491361513
663
9.925881826219062
-0.004857897681395076
664
9.926375134483335
-0.004836115576862752
665
9.926879997569909
-0.004813686553944472
666
9.927367234779677
-0.004791911842089892
667
9.927850847132948
-0.004770177073972352
668
9.928345717976407
-0.004747812871181194
669
9.928823049178035
-0.004726125449994233
670
9.929296784937128
-0.004704491751530382
671
9.929781537633133
-0.0046822445461131065
672
9.930249297995356
-0.0046606738162145505
673
9.930713536284157
-0.004639168149536528
674
9.931217061287965
-0.004615734596774629
675
9.931675514911186
-0.004594323233824261
676
9.932128568671892
-0.0045730767173833885
677
9.932592087110422
-0.004551254497876947
678
9.933039293491774
-0.0045301216679149835
679
9.933483266169189
-0.004509068447074553
680
9.933937680608151
-0.0044874477025835
681
9.934376070461274
-0.0044665233528361934
682
9.934811243949055
-0.004445691458862251
683
9.935257186224415
-0.004424283836337715
684
9.935687317055132
-0.004403581268306345
685
9.936113989140047
-0.004382996257847944
686
9.93655032632045
-0.0043618977182030665
687
9.936970852595554
-0.004341521786752814
688
9.937387894728586
-0.004321277539877323
689
9.937814301904048
-0.004300543797837574
690
9.938225294519016
-0.004280529366439295
691
9.938632879517973
-0.004260654043837685
692
9.939049540163229
-0.004240310121645277
693
9.939450706727108
-0.00422069971506617
694
9.939848023074951
-0.004201257170424399
695
9.940253950936292
-0.004181376156666597
696
9.940645010130975
-0.004162209698046578
697
9.941032676266799
-0.004143198387522618
698
9.941428753925809
-0.004123766830600944
699
9.941810086246866
-0.004105056586432048
700
9.942187608482092
-0.00408653481061227
701
9.942572798802727
-0.004067641738365272
702
9.942943003317485
-0.004049490936582521
703
9.943309324812692
-0.004031540283258684
704
9.943683980528345
-0.004013194434110258
705
9.944069662005361
-0.003994325613384121
706
9.944431069653204
-0.003976665637925933
707
9.944800202946414
-0.003958649940279044
708
9.945157199853446
-0.003941251690412111
709
9.94551275889636
-0.003923951259647456
710
9.94587736117374
-0.0039062429539516693
711
9.946229613964444
-0.003889168412809247
712
9.946579627414138
-0.0038722385633576683
713
9.946938176488445
-0.0038549365411093476
714
9.947284320290219
-0.0038382752417637244
715
9.947628128749699
-0.003821770261533256
716
9.947980157289425
-0.0038049193444015207
717
9.94831991460742
-0.0037887055387538274
718
9.948657282655967
-0.0037726570695415843
719
9.949002631538672
-0.0037562852009813815
720
9.94933587220796
-0.003740544163547048
721
9.949667169167588
-0.003724953119066487
722
9.950006272851931
-0.003709057844654281
723
9.950333364973224
-0.0036937889376830605
724
9.950658009285462
-0.003678698538721684
725
9.95099021744539
-0.0036633260283511016
726
9.95131065848751
-0.003648567448546317
727
9.951628719183246
-0.0036339885888792235
728
9.951954210692428
-0.0036191444360669143
729
9.952268195380977
-0.003604899938983901
730
9.952579871079886
-0.0035908354269135793
731
9.952898850857391
-0.003576521844892421
732
9.953206571578281
-0.0035627933051798396
733
9.953512048717492
-0.0035492447820122458
734
9.953824702968818
-0.0035354631751449263
735
9.954126334717587
-0.003522251499294939
736
9.954425775514112
-0.0035092197410001172
737
9.954732258121316
-0.003495970947057294
738
9.955028357799517
-0.0034832592735489516
739
9.95532232304543
-0.003470727003512025
740
9.95562315531244
-0.0034579951223576524
741
9.955913343116402
-0.003445805299910077
742
9.956201390998617
-0.0034337963023434843
743
9.956496186266927
-0.0034216023350474812
744
9.956780577653275
-0.0034099332417066083
745
9.95706289926575
-0.0033984428065507873
746
9.957351856702982
-0.0033867813598268902
747
9.957630632866747
-0.003375627805954868
748
9.957630632866747
-0.003375627805954868
749
9.958190787700278
-0.003353512138048847
750
9.95848211816225
-0.00334217497766323
751
9.95875371395649
-0.00333169037205869
752
9.959030043639892
-0.0033211244702077924
753
9.959296610982005
-0.0033110322212494612
754
9.959561407320878
-0.00330110613880183
755
9.959832600148808
-0.003291044451283679
756
9.960105774435858
-0.0032810212112128942
757
9.960366274975994
-0.0032715532973421665
758
9.960632239462543
-0.0032619910304874326
759
9.960888899140652
-0.0032528651660990817
760
9.961143829958335
-0.003243900881034347
761
9.96140486251206
-0.0032348268529793626
762
9.961656787863095
-0.003226171179249381
763
9.961906973338163
-0.003217675262268587
764
9.962163112233707
-0.003209081801660793
765
9.962410281814515
-0.003200890630963283
766
9.962655715402388
-0.0031928559608557024
767
9.962907315806008
-0.0031847230344039766
768
9.963150442753026
-0.0031769644004972794
769
9.963391814964478
-0.003169359399417164
770
9.963638792125026
-0.003161679346582836
771
9.96387697952897
-0.003154370719074032
772
9.964113340558743
-0.0031472138745074914
773
9.964355171849974
-0.0031399909575433194
774
9.96458862499796
-0.0031331145866744206
775
9.96482021494489
-0.0031263865844226506
776
9.965057020606288
-0.0031196040548390545
777
9.965285259623249
-0.0031131603450124654
778
9.965511642895557
-0.0031068599402147928
779
9.965743188704037
-0.003100510817972431
780
9.965966458085264
-0.0030944801170182533
781
9.966188021786996
-0.003088583752037515
782
9.966414736007074
-0.0030826419064898954
783
9.966633424951134
-0.0030769982439657084
784
9.966850501157257
-0.003071481318836418
785
9.967072659995962
-0.003065923242993935
786
9.967286985469043
-0.0030606455502599473
787
9.967499762031553
-0.003055487693506814
788
9.967717538815604
-0.0030502928610142994
789
9.967927655180041
-0.003045361400622004
790
9.968136243523004
-0.003040543688724513
791
9.968349731400718
-0.003035693017008263
792
9.968555707791376
-0.003031089600568163
793
9.96876021609169
-0.0030265928632070348
794
9.968969555273773
-0.00302206580134441
795
9.969171541180113
-0.003017770087117262
796
9.969372086700899
-0.0030135746225130717
797
9.969577355009664
-0.003009351614739824
798
9.9697753892898
-0.0030053452726851674
799
9.969971979633574
-0.0030014332294665074
800
9.970173159706619
-0.002997496320230557
801
9.970367212272365
-0.002993761922648434
802
9.97055983242133
-0.0029901155647688656
803
9.970756957473629
-0.0029864455217059444
804
9.970947113479417
-0.0029829634101948264
805
9.971136139468536
-0.002979557883516656
806
9.97132959546283
-0.0029761289679008777
807
9.971516173792722
-0.002972875110030343
808
9.971701345902064
-0.0029696963310977616
809
9.971890821294654
-0.002966494927104999
810
9.972073562918727
-0.0029634553030038918
811
9.972254933417236
-0.002960483992957431
812
9.972440531137101
-0.0029574893886535145
813
9.972619558320298
-0.0029546436318993847
814
9.972797244515434
-0.0029518595141262973
815
9.972979107342125
-0.0029490504833559234
816
9.973154521527189
-0.002946378622860537
817
9.973328613171539
-0.002943761991708501
818
9.97350676104665
-0.002941120562978075
819
9.973678592482676
-0.002938606326708895
820
9.973849116065244
-0.0029361411797214736
821
9.974023613220503
-0.00293364807927869
822
9.974191916482722
-0.0029312704891260176
823
9.97435894404284
-0.002928935542166397
824
9.974529863290357
-0.0029265700664141392
825
9.974694687547514
-0.0029243105577286526
826
9.974858223602375
-0.0029220880624323997
827
9.975025557944468
-0.002919832018539611
828
9.975186880272746
-0.002917673449491428
829
9.975346958203492
-0.0029155456648048183
830
9.975510703527915
-0.0029133814689364513
831
9.9756686505806
-0.0029113051114361527
832
9.975825366976151
-0.0029092537959583636
833
9.975985616814487
-0.002907163130523483
834
9.976145858370124
-0.0029050730615872767
835
9.976300300913616
-0.0029030766706732328
836
9.976455500557558
-0.0029010660889163763
837
9.976606934376473
-0.002899060135661103
838
9.976756071035183
-0.0028971333335723647
839
9.976908142674535
-0.0028951348054814707
840
9.977054085720225
-0.0028932241445488987
841
9.977198129202385
-0.0028913532151227496
842
9.97734487521745
-0.002889368770457599
843
9.977485117026616
-0.00288754476489386
844
9.977623625479428
-0.0028857468652148358
845
9.977764618995776
-0.002883924649158105
846
9.977900252821371
-0.002882167218425267
847
9.978034233090305
-0.002880419824347897
848
9.978170570116836
-0.002878631839940048
849
9.978300297925944
-0.0028768932526069798
850
9.978424593503691
-0.0028752189504030854
851
9.978544215578328
-0.0028736079267408553
852
9.978650005191469
-0.0028721777309511348
853
9.978745941924524
-0.0028709049464502173
854
9.97884055436224
-0.00286963303112576
855
9.978932617888244
-0.002868413061886455
856
9.979027139494548
-0.002867207953397312
857
9.979129111281118
-0.002865986278069133
858
9.979234240212797
-0.0028647878706274423
859
9.97934736612846
-0.002863577697090593
860
9.979474403253935
-0.002862285040964477
861
9.97960777049662
-0.0028606945582500647
862
9.979738385157289
-0.0028592499638382977
863
9.979864059042402
-0.0028580891653459967
864
9.97998638661018
-0.0028568525319892287
865
9.980109785845416
-0.002855491420617784
866
9.980232709800621
-0.0028542096685000486
867
9.980347900174879
-0.002853068384243124
868
9.980463342715627
-0.0028518618767034527
869
9.980582199735496
-0.002850494783521754
870
9.980695753410993
-0.0028487874698561854
871
9.980807585808376
-0.002847170839775877
872
9.980920881502522
-0.002845527384795235
873
9.981030140543533
-0.002843941689519855
874
9.981139156236935
-0.0028423534096802074
875
9.981250273184255
-0.002840728226727124
876
9.981356767148556
-0.0028391714569287684
877
9.981462452592003
-0.0028376277201698414
878
9.981570742787003
-0.0028360381602223123
879
9.981675292664178
-0.0028345111450421815
880
9.981779596418894
-0.0028330222032883563
881
9.981886685296617
-0.0028316971422527137
882
9.98199133856742
-0.002830396050761987
883
9.982099407699604
-0.0028290757313007035
884
9.982216402218485
-0.002827693231746795
885
9.982335235924557
-0.002826302500768642
886
9.982458787640214
-0.0028248732064892284
887
9.982590485539406
-0.00282336581911247
888
9.982718797846692
-0.0028218059709872877
889
9.982845064286128
-0.002820189987197524
890
9.982972080688196
-0.0028185631446935554
891
9.98309201583234
-0.0028170123307811696
892
9.983208748064614
-0.0028154375576119016
893
9.983325977478623
-0.0028138152735699275
894
9.983437051817674
-0.0028121824621870455
895
9.983545070386155
-0.002810539256621537
896
9.983652626635209
-0.002808847664186112
897
9.983752734359042
-0.0028072212089504766
898
9.983847855152655
-0.00280562409249112
899
9.983940060350717
-0.002804021546882001
900
9.984023797985996
-0.002802514839673169
901
9.98410256259831
-0.002801042046002806
902
9.98418075448782
-0.002799505826622736
903
9.984257714631537
-0.002797936790626408
904
9.984339144830829
-0.002796211087014996
905
9.984428966345002
-0.0027941968565668063
906
9.984522969568156
-0.0027919767971183794
907
9.984624852393543
-0.002789441829371169
908
9.984739622294953
-0.0027865595384176287
909
9.984858840263815
-0.0027835252097713472
910
9.984979558783339
-0.0027803179248374996
911
9.985096971996118
-0.0027771582191394757
912
9.985198802435534
-0.0027743586319008574
913
9.98529114703779
-0.0027716075903856576
914
9.985386457819942
-0.0027688209520615173
915
9.98548719364597
-0.002765898092512787
916
9.985594288580861
-0.0027628026269108518
917
9.985701603271798
-0.002759572530673935
918
9.985796947157365
-0.0027565595382141477
919
9.985887969321402
-0.002753626613176587
920
9.985985776061355
-0.0027504823127626685
921
9.986085260552183
-0.0027472466309149493
922
9.986182196820023
-0.002744032265818954
923
9.98627620742047
-0.0027408212744364398
924
9.986367174472162
-0.0027376591530143424
925
9.986461507124236
-0.0027343605415062
926
9.986557832935688
-0.0027309459604275316
927
9.986557832935688
-0.0027309459604275316
928
9.986737103762051
-0.0027243752274908094
929
9.986834781507834
-0.0027207074018001263
930
9.986928222219134
-0.002717210457493424
931
9.987013880709073
-0.002713895075553942
932
9.987102140964705
-0.0027104126052980167
933
9.987191877918038
-0.0027068856562146226
934
9.98727812072409
-0.0027034258619150014
935
9.987364919737374
-0.002699860340494267
936
9.98745152798755
-0.0026962919945505196
937
9.987536458974555
-0.0026927408419244714
938
9.987622265792737
-0.0026890795965031854
939
9.987706623581142
-0.002685454150031649
940
9.987789758994962
-0.0026818313754878994
941
9.987874383422566
-0.002678082470102211
942
9.987956845057608
-0.002674395653447883
943
9.988038228585955
-0.002670706157081402
944
9.988121505430245
-0.0026668791400752314
945
9.988202248074453
-0.0026631287471738136
946
9.98828215659565
-0.0026593685535494785
947
9.988364008092653
-0.0026554704747398824
948
9.988443026498466
-0.0026516635612164868
949
9.988521366097073
-0.002647844812159692
950
9.988601589156191
-0.0026438897362066056
951
9.988678963380817
-0.0026400314155172484
952
9.988755762891422
-0.0026361592593436996
953
9.988834340158252
-0.0026321530984997022
954
9.988910155580541
-0.0026282453151684868
955
9.988985402002454
-0.002624325192038985
956
9.989062382818823
-0.002620271164138683
957
9.98913666683507
-0.00261631774164278
958
9.98921037645126
-0.002612353919049806
959
9.989285799423545
-0.0026082555231307443
960
9.98935856277509
-0.002604260933553683
961
9.989430847512306
-0.0026002523387272723
962
9.989504827267117
-0.002596108346295782
963
9.98957616308264
-0.0025920722595805974
964
9.98964696219354
-0.0025880276021359554
965
9.989719378386157
-0.0025838496214645934
966
9.98978923832901
-0.00257978012936116
967
9.989858548967131
-0.002575704161041564
968
9.989929468581678
-0.0025714937857759454
969
9.989997865734574
-0.0025673947514975107
970
9.990065739079693
-0.002563289591222353
971
9.990135179480127
-0.0025590505816705644
972
9.990202153894787
-0.0025549245311624717
973
9.990268613772743
-0.0025507933590163258
974
9.99033661444225
-0.0025465281969298333
975
9.990402198321831
-0.002542377833385203
976
9.990467280149158
-0.0025382232996371407
977
9.990533868650731
-0.002533935211956598
978
9.990598088063834
-0.0025297636700105037
979
9.99066181455819
-0.002525588969120703
980
9.990727015500374
-0.0025212811057482806
981
9.990789893418137
-0.0025170914560755557
982
9.990852286876565
-0.0025128996659619465
983
9.990916121994522
-0.002508575233691301
984
9.990977679551042
-0.002504370578968946
985
9.991038761216007
-0.0025001647520070023
986
9.991101252843391
-0.0024958268236403088
987
9.991161512235001
-0.0024916100490536197
988
9.991221304440897
-0.002487393014643453
989
9.991282476123928
-0.002483044425072581
990
9.991341467164837
-0.0024788177501184044
991
9.991400001519509
-0.0024745915401718456
992
9.991459887753548
-0.002470234191791019
993
9.991517632101795
-0.002466000281235327
994
9.991574948594902
-0.0024617661340405115
995
9.991633589034018
-0.002457401327124208
996
9.99169013796694
-0.00245316048687918
997
9.991746248563123
-0.002448921595971449
998
9.991803654877778
-0.0024445527128948734
999
9.9918590033794
-0.0024403093747637516
1000
9.99191391851914
-0.0024360690391603992
1001
9.991970095926483
-0.002431699813742009
1002
9.992024256355316
-0.002427457080516383
1003
9.992077989902981
-0.0024232182255301982
1004
9.992132971015147
-0.0024188501848682025
1005
9.992185974364231
-0.002414609526505691
1006
9.992238559503987
-0.0024103734335822378
1007
9.992292347389455
-0.002406010370790193
1008
9.992344201259936
-0.0024017751203614544
1009
9.992395642859583
-0.0023975452465227706
1010
9.992448263094417
-0.0023931890561100866
1011
9.99249898964458
-0.0023889611886379527
1012
9.992549312664108
-0.00238473928564315
1013
9.992600853464404
-0.002380386286648855
1014
9.992650531424038
-0.0023761626629923344
1015
9.992699819295336
-0.0023719452455497284
1016
9.992750223406306
-0.0023676040901849994
1017
9.992798811344182
-0.0023633921663547192
1018
9.992847008806113
-0.002359187600320641
1019
9.992896307833758
-0.00235485941980221
1020
9.992943844811881
-0.002350659262779274
1021
9.992990999587835
-0.0023464669444664037
1022
9.99303923300769
-0.0023421518429995267
1023
9.993085721638504
-0.002337966773331947
1024
9.993131832719294
-0.002333790393699073
1025
9.993178991052481
-0.0023294928683330286
1026
9.99322444012152
-0.002325325662850649
1027
9.993269515822563
-0.002321167972859001
1028
9.993315611342178
-0.0023168905294152485
1029
9.993360032529912
-0.002312743601548361
1030
9.993404085022734
-0.0023086069485448854
1031
9.99344913949565
-0.0023043510956333012
1032
9.9934925525355
-0.0023002260060389808
1033
9.993535661614432
-0.002296106054676623
1034
9.993579729977926
-0.002291869806366079
1035
9.993622193029287
-0.002287764279908267
1036
9.993664284268938
-0.0022836716209423563
1037
9.99370731287038
-0.002279463940275227
1038
9.993748764042262
-0.0022753873908000974
1039
9.993789856849006
-0.002271323620573686
1040
9.99383186382282
-0.0022671461253843997
1041
9.993872335763115
-0.002263098697381466
1042
9.993912457798114
-0.002259064341509071
1043
9.993953480084611
-0.002254916681844502
1044
9.993993050770984
-0.0022508935550244347
1045
9.994032272900453
-0.002246884399633788
1046
9.99407236618306
-0.0022427640659059035
1047
9.994110977511893
-0.002238774482201095
1048
9.994149254747294
-0.002234798568783945
1049
9.994188383207353
-0.0022307125299374413
1050
9.994226078550179
-0.002226755133776485
1051
9.994263455854727
-0.0022228107289842553
1052
9.994301671855546
-0.002218756593621616
1053
9.99433849549067
-0.0022148296299170198
1054
9.994375020146435
-0.002210914581374755
1055
9.994412378815868
-0.0022068893397325577
1056
9.994448384573614
-0.0022029897547357347
1057
9.994484100661431
-0.0021991020144206705
1058
9.994520629212202
-0.002195105515706595
1059
9.994555836320021
-0.0021912339311707216
1060
9.994590760517944
-0.002187374362078451
1061
9.99462648060545
-0.002183406972731996
1062
9.994660909306715
-0.002179563788325111
1063
9.994695062793358
-0.0021757326544579896
1064
9.994729995864587
-0.0021717946450674863
1065
9.994763667118196
-0.002167980076050256
1066
9.99479707055287
-0.0021641775923125495
1067
9.994831237587457
-0.002160269184236325
1068
9.99486417160863
-0.0021564834299188486
1069
9.994896845021323
-0.0021527097790328843
1070
9.994930266483003
-0.0021488311459200897
1071
9.99496248301314
-0.002145074356606642
1072
9.994994445825732
-0.0021413296917047863
1073
9.995026695886681
-0.0021375350848278282
1074
9.995057404240109
-0.0021339070399931694
1075
9.995087446795123
-0.0021303426473059162
1076
9.995117859815888
-0.002126719173279881
1077
9.995146824561727
-0.002123253711826533
1078
9.99517524525399
-0.002119839433928515
1079
9.995204005332242
-0.002116369928368068
1080
9.995231443865986
-0.002113046114863493
1081
9.99525840391012
-0.0021097669228964653
1082
9.995285725775233
-0.002106429919362255
1083
9.99531182675139
-0.0021032288818560525
1084
9.995337503964487
-0.0021000670233481443
1085
9.995363556576278
-0.002096845714201261
1086
9.99538847072785
-0.0020937525459019325
1087
9.995413006240069
-0.002090694114507627
1088
9.995437924243339
-0.0020875752989449846
1089
9.995461783383847
-0.0020845741350558034
1090
9.995485301186298
-0.0020816030556141296
1091
9.99550920597884
-0.002078570570491722
1092
9.995532100061054
-0.0020756543522331768
1093
9.99555468253825
-0.0020727662043228904
1094
9.99557764963814
-0.0020698167890545716
1095
9.995599660951717
-0.0020669786125567077
1096
9.995621385633983
-0.002064166123290307
1097
9.995643491850814
-0.0020612926085111505
1098
9.995664690065063
-0.002058526012783961
1099
9.995685652389255
-0.0020557791111056227
1100
9.995706991376736
-0.002052971590720018
1101
9.9957274635739
-0.002050267344284528
1102
9.995747680544078
-0.002047586278919109
1103
9.995768278690319
-0.0020448437727750004
